date,min,max,PM 10 median,q1,q3,stdev,count
2019-12-09T00:00:00.000Z,4.26,24.83,12.02,9.32,15.53,4.483,313
2019-12-10T00:00:00.000Z,3.38,27.98,10.18,7.25,15.98,5.073,415
2019-12-11T00:00:00.000Z,4.38,30.68,14.44,10.34,18.53,5.483,425
2019-12-12T00:00:00.000Z,3.64,34.6,16.98,9.9,24.5,8.326,496
2019-12-13T00:00:00.000Z,4.37,39.17,15.54,12.46,24.13,7.974,557
2019-12-14T00:00:00.000Z,2.88,35.44,15.18,11.05,20.86,7.191,399
2019-12-15T00:00:00.000Z,2.27,28.85,13.28,8.41,17.7,5.842,574
2019-12-16T00:00:00.000Z,8.38,29.31,16.6,14.08,19.34,3.633,285
2019-12-17T00:00:00.000Z,5.26,22.14,10.61,8.61,15.74,4.176,288
2019-12-18T00:00:00.000Z,1.3,27,8.48,5.36,11.62,4.928,465
2019-12-19T00:00:00.000Z,6.32,48.32,28.93,20.27,37.34,10.163,551
2019-12-20T00:00:00.000Z,26.22,226.52,50.04,39.36,66.88,34.073,571
2019-12-21T00:00:00.000Z,6.38,36.78,19.19,13.35,25.14,7.221,555
2019-12-22T00:00:00.000Z,6.2,97.64,13.08,11.55,14.7,7.487,555
2019-12-23T00:00:00.000Z,3.22,50.18,15.4,7.33,24.68,11.29,561
2019-12-24T00:00:00.000Z,3.62,47.12,15.5,10.5,19.63,6.915,577
2019-12-25T00:00:00.000Z,0.96,28.32,8.94,4.04,17.23,7.621,580
2019-12-26T00:00:00.000Z,0.3,10.28,3.18,2.27,4.8,1.775,577
2019-12-27T00:00:00.000Z,0.96,9.44,2.38,1.86,3.2,1.346,560
2019-12-28T00:00:00.000Z,1.22,10.95,4.72,2.72,6.26,2.078,578
2019-12-29T00:00:00.000Z,4.58,21.02,13.28,8.43,15.48,4.006,580
2019-12-30T00:00:00.000Z,5.76,271.6,20.57,11.04,26.86,16.742,574
2019-12-31T00:00:00.000Z,7.62,428.82,18.67,14.72,25.7,47.235,550
2020-01-01T00:00:00.000Z,5.44,156.12,12.85,9.89,24.05,15.172,569
2020-01-02T00:00:00.000Z,9.43,89.07,30.89,20.96,48.62,17.529,557
2020-01-03T00:00:00.000Z,4.16,33.61,20.35,15.5,24.14,6.228,546
2020-01-04T00:00:00.000Z,0.98,32.22,12.67,9.89,16.23,5.94,557
2020-01-05T00:00:00.000Z,5.24,39.79,12.91,10.35,16.26,5.24,559
2020-01-06T00:00:00.000Z,3.62,38.67,13.52,10.52,26.29,9.574,511
2020-01-07T00:00:00.000Z,6.74,60.78,22.42,19.1,30.17,10.041,499
2020-01-08T00:00:00.000Z,6.7,42.62,22.59,15.2,26.58,7.146,394
2020-01-09T00:00:00.000Z,4.21,35.2,15.8,10.96,21.92,6.281,467
2020-01-10T00:00:00.000Z,1.38,33.67,10.96,7.09,13.2,4.173,334
2020-01-11T00:00:00.000Z,0.59,28.82,10.42,3.66,17.73,7.312,504
2020-01-12T00:00:00.000Z,1.25,22.64,6,3.86,10.37,4.682,528
2020-01-13T00:00:00.000Z,7.58,37.95,14.75,11.73,19.14,6.942,441
2020-01-14T00:00:00.000Z,3.55,22.92,12.59,7.42,16.02,4.709,373
2020-01-15T00:00:00.000Z,1.03,10.8,5.09,4.08,6.05,1.471,400
2020-01-16T00:00:00.000Z,5.55,36.61,17.57,14.9,20.89,5.324,409
2020-01-17T00:00:00.000Z,10.3,39.42,26.58,22.62,29.24,4.776,428
2020-01-18T00:00:00.000Z,3.68,33.47,12.2,7.6,19.27,7.632,490
2020-01-19T00:00:00.000Z,7.6,35.58,16.98,14.25,22.51,5.756,424
2020-01-20T00:00:00.000Z,7.51,31.3,15.26,12.95,17.46,3.836,334
2020-01-21T00:00:00.000Z,2.45,20.07,10.19,5.05,13.15,4.455,402
2020-01-22T00:00:00.000Z,3.9,8.55,5.08,4.29,6.06,1.434,8
2020-01-23T00:00:00.000Z,1.86,11.82,7.06,4.59,8.63,2.224,79
2020-01-24T00:00:00.000Z,2.42,29.33,5.22,4.28,7.68,3.266,246
2020-01-25T00:00:00.000Z,0.8,30.2,4.46,3.14,9.69,6.869,286
2020-01-26T00:00:00.000Z,12.54,52.66,31.88,27.03,40.53,9.597,261
2020-01-27T00:00:00.000Z,13.6,72.54,34.56,28.62,47.93,13.733,243
2020-01-28T00:00:00.000Z,3.92,37.15,12.8,10.01,18.7,8.29,266
2020-01-29T00:00:00.000Z,3.7,26.06,10.7,7.81,15.2,5.239,306
2020-01-30T00:00:00.000Z,1.66,28.87,8.32,4.93,15.43,6.29,271
2020-01-31T00:00:00.000Z,3.58,32.2,16.18,7.04,20.69,7.256,273
2020-02-01T00:00:00.000Z,0.22,26.45,8.96,3.14,14.8,6.638,285
2020-02-02T00:00:00.000Z,3.88,23.3,11.86,9.88,14.28,3.089,303
2020-02-03T00:00:00.000Z,5.99,27.83,11.72,9.83,16.13,4.758,273
2020-02-04T00:00:00.000Z,1.25,26.1,8.05,4.54,18.42,7.582,231
2020-02-05T00:00:00.000Z,1.11,23.87,6.97,4.61,9.99,4.651,212
2020-02-06T00:00:00.000Z,3.78,25.3,10.45,7.74,15,4.479,185
2020-02-07T00:00:00.000Z,4.05,37.94,10.55,8.13,14.56,5.114,213
2020-02-08T00:00:00.000Z,7,36.15,20.56,13,23.12,6.993,171
2020-02-09T00:00:00.000Z,5.18,44.65,15.44,9.32,33.11,11.791,328
2020-02-10T00:00:00.000Z,2.65,29.17,13.02,8.88,18.36,5.943,315
2020-02-11T00:00:00.000Z,1.58,29.87,9.48,6.2,13.2,5.85,364
2020-02-12T00:00:00.000Z,2.84,26.44,10.23,6.61,17.73,6.112,374
2020-02-13T00:00:00.000Z,1.77,33.01,11.47,7.98,15.71,5.06,368
2020-02-14T00:00:00.000Z,1.25,23.2,10.33,7.68,12.02,3.949,374
2020-02-15T00:00:00.000Z,10.6,35.28,21.53,16.84,25.36,5.422,312
2020-02-16T00:00:00.000Z,0.74,14.13,5.92,2.8,7.9,3.018,377
2020-02-17T00:00:00.000Z,6.72,32.97,18.48,15.94,21.86,4.325,345
2020-02-18T00:00:00.000Z,3.72,26.78,16.16,11.62,19.23,5.235,295
2020-02-19T00:00:00.000Z,0.53,22.06,6.05,3.91,10.76,5.002,425
2020-02-20T00:00:00.000Z,3.4,31.98,16.27,11.23,22.57,6.903,492
2020-02-21T00:00:00.000Z,2.25,35.51,15.93,10.35,19.21,5.821,435
2020-02-22T00:00:00.000Z,2.54,31.35,11.29,8.1,17.09,6.254,410
2020-02-23T00:00:00.000Z,0.89,32.65,14.84,8.49,21.34,7.851,442
2020-02-24T00:00:00.000Z,3.82,20.3,11.04,8.58,13.64,3.344,519
2020-02-25T00:00:00.000Z,3.09,64.8,9.38,7.2,12.02,5.484,457
2020-02-26T00:00:00.000Z,0.82,8.82,3.38,2.29,4.45,1.466,405
2020-02-27T00:00:00.000Z,0.62,30.24,5.53,4.09,7.84,7.075,466
2020-02-28T00:00:00.000Z,4.22,29.72,12.18,9,15.7,4.71,553
2020-02-29T00:00:00.000Z,2.36,27.74,11.65,7.62,14.81,5.198,561
2020-03-01T00:00:00.000Z,4.09,21.96,9.09,7.21,11.19,2.698,564
2020-03-02T00:00:00.000Z,3.42,24.22,7.49,6.06,9.02,2.281,482
2020-03-03T00:00:00.000Z,2.56,30.45,10.79,6.75,18.82,6.918,388
2020-03-04T00:00:00.000Z,3.34,22.92,9.47,6.74,11.6,3.399,571
2020-03-05T00:00:00.000Z,4.78,31.84,11.68,9.55,14.59,5.321,566
2020-03-06T00:00:00.000Z,12.25,48.3,24.52,17.68,37.4,10.016,557
2020-03-07T00:00:00.000Z,4.49,36.43,14.57,9.94,18.98,7.28,572
2020-03-08T00:00:00.000Z,7.21,29.72,13.1,10.52,17.62,5.23,463
2020-03-09T00:00:00.000Z,3.52,27.74,12.22,8.19,15.61,4.603,465
2020-03-10T00:00:00.000Z,2.11,29.88,12.24,6.17,17.94,7.704,467
2020-03-11T00:00:00.000Z,4.87,24.46,11.62,9.51,15.09,3.734,464
2020-03-12T00:00:00.000Z,2.25,22.41,11.76,9.18,14.28,3.697,418
2020-03-13T00:00:00.000Z,2.54,21.87,8.15,5.64,13.98,4.737,441
2020-03-14T00:00:00.000Z,1.21,16.92,4.32,3.24,5.9,2.628,446
2020-03-15T00:00:00.000Z,4,13.91,9.22,8.4,10.35,1.565,232
2020-03-16T00:00:00.000Z,1.83,14.77,7.57,5.82,9.53,2.468,466
2020-03-17T00:00:00.000Z,3.04,20.36,9.68,7.29,12.27,3.467,466
2020-03-18T00:00:00.000Z,3.45,24.52,8.82,6.97,11.49,3.578,405
2020-03-19T00:00:00.000Z,5.14,22.77,9.69,8.02,11.34,2.693,463
2020-03-20T00:00:00.000Z,1.11,19.71,6.59,3.41,10.68,4.429,405
2020-03-21T00:00:00.000Z,0.28,10.36,2.13,1.29,3.15,1.4,405
2020-03-22T00:00:00.000Z,1.31,7.08,2.91,2.41,3.71,1.067,400
2020-03-23T00:00:00.000Z,1.48,10.21,4.62,3.88,5.46,1.269,379
2020-03-24T00:00:00.000Z,4.22,16.04,7.48,6.18,9.72,2.384,381
2020-03-25T00:00:00.000Z,8.35,23.78,13.38,11.63,16.32,3.523,385
2020-03-26T00:00:00.000Z,7.22,26.53,16.54,13.5,19.26,3.724,372
2020-03-27T00:00:00.000Z,8.99,28.95,17.48,14.33,20.55,4.253,336
2020-03-28T00:00:00.000Z,3.99,49.41,12.15,6.48,37.7,16.126,155
2020-03-29T00:00:00.000Z,0.76,9,3.11,1.98,4.51,1.679,304
2020-03-30T00:00:00.000Z,0.35,6.48,2.04,1.4,3.22,1.323,122
2020-03-31T00:00:00.000Z,0.98,11.15,3.9,2.6,5.12,1.757,289
2020-04-01T00:00:00.000Z,3.1,15.49,7.69,6.4,9.27,2.459,198
2020-04-02T00:00:00.000Z,4,24.86,10.54,7.8,13.93,4.125,407
2020-04-03T00:00:00.000Z,2.25,20.39,8.39,5.9,11.53,3.701,414
2020-04-04T00:00:00.000Z,1.66,26.04,7.98,5.11,12.56,5.405,439
2020-04-05T00:00:00.000Z,4.36,27.68,12.22,9.66,17.1,4.979,445
2020-04-06T00:00:00.000Z,10.07,41.96,20.61,14.93,24.09,6.154,405
2020-04-07T00:00:00.000Z,2.87,36.59,9.82,7.78,15.66,7.731,370
2020-04-08T00:00:00.000Z,5.32,23.95,10.13,8.76,11.62,2.247,366
2020-04-09T00:00:00.000Z,3.28,26.48,7.59,5.99,12.64,4.879,400
2020-04-10T00:00:00.000Z,4.78,20.9,10.8,9.15,12.83,2.751,436
2020-04-11T00:00:00.000Z,6.02,18.38,11.99,9.27,13.39,2.57,127
2020-04-12T00:00:00.000Z,0.89,28.74,8.58,5.47,10.18,3.761,473
2020-04-13T00:00:00.000Z,1.38,27.06,5.03,3.88,7.94,4.238,469
2020-04-14T00:00:00.000Z,1.27,13.99,4.05,3.14,6.38,2.684,458
2020-04-15T00:00:00.000Z,5.95,25.99,12.93,10.84,15.71,3.573,422
2020-04-16T00:00:00.000Z,2.02,19.46,8.43,6.21,10.84,3.237,425
2020-04-17T00:00:00.000Z,0.28,23.24,8.11,4.36,12.76,5.101,459
2020-04-18T00:00:00.000Z,0.57,15.62,4.3,2.06,6.92,3.065,474
2020-04-19T00:00:00.000Z,0.36,173.33,3.29,1.8,4.82,11.543,457
2020-04-20T00:00:00.000Z,1.52,10.08,4.01,3.03,5.36,1.726,417
2020-04-21T00:00:00.000Z,0.4,9.44,2.34,1.47,4.62,2.116,323
2020-04-22T00:00:00.000Z,0.36,10.59,3.34,2.04,4.49,1.812,363
2020-04-23T00:00:00.000Z,1.36,18.54,5.08,3.88,6.36,2.029,397
2020-04-24T00:00:00.000Z,2.49,18.78,9.26,7.47,11.3,2.944,441
2020-04-25T00:00:00.000Z,0.32,14.88,2.46,1.48,3.36,1.565,414
2020-04-26T00:00:00.000Z,1.19,10.73,3.44,2.7,4.92,1.787,443
2020-04-27T00:00:00.000Z,2.1,27,9.05,6.05,12.98,5.062,417
2020-04-28T00:00:00.000Z,0.68,7.93,2.7,1.91,4.29,1.658,325
2020-04-29T00:00:00.000Z,1.18,12.21,4.74,3.54,5.97,1.756,421
2020-04-30T00:00:00.000Z,2.15,36.6,13.36,8.35,22.82,8.462,445
2020-05-01T00:00:00.000Z,0.92,194.52,3.72,2.44,5.7,23.074,454
2020-05-02T00:00:00.000Z,0.64,13.8,3.65,1.84,8,3.465,444
2020-05-03T00:00:00.000Z,2.24,19.73,5.96,4.37,8.36,3.367,464
2020-05-04T00:00:00.000Z,0.38,13.34,3.88,2.6,5.82,2.278,425
2020-05-05T00:00:00.000Z,0.1,10.19,2.1,1.28,3.48,1.617,408
2020-05-06T00:00:00.000Z,1.51,12.86,5.26,3.98,6.78,2.041,483
2020-05-07T00:00:00.000Z,4.4,20.14,11.37,9.52,13.27,2.812,304
2020-05-08T00:00:00.000Z,3.52,15.15,7.02,6.03,8.53,2.001,297
2020-05-09T00:00:00.000Z,2.16,39.61,5.82,4.13,18.53,9.682,306
2020-05-10T00:00:00.000Z,2.33,26.19,14.78,9.06,20.74,6.234,201
2020-05-11T00:00:00.000Z,0.4,5.84,1.76,1.21,2.41,0.97,288
2020-05-12T00:00:00.000Z,1.05,10.53,4.18,3.1,5.72,1.866,380
2020-05-13T00:00:00.000Z,0.32,11.18,2.13,1.39,3.13,1.623,324
2020-05-14T00:00:00.000Z,0.98,19.23,3.22,2.54,4.11,1.771,215
2020-05-15T00:00:00.000Z,1.06,12.6,5.09,4.01,6.74,2.266,400
2020-05-16T00:00:00.000Z,1.85,14.78,6.64,4.66,8.69,2.69,274
2020-05-17T00:00:00.000Z,1.3,11.61,4.32,3.36,5.35,1.652,419
2020-05-18T00:00:00.000Z,1.3,10.88,4.05,3.12,4.95,1.576,363
2020-05-19T00:00:00.000Z,1.35,13.32,6.35,3.75,8.67,2.878,271
2020-05-20T00:00:00.000Z,2.1,11.57,5.12,3.88,7.04,2.056,181
2020-05-21T00:00:00.000Z,2.1,16.98,5.9,4.66,7.26,2.26,189
2020-05-22T00:00:00.000Z,1.5,12.18,3.95,2.99,6.18,2.306,234
2020-05-23T00:00:00.000Z,4.53,22.52,10.07,8.47,11.44,2.67,196
2020-05-24T00:00:00.000Z,3.65,19.42,8.18,6.55,9.88,2.858,239
2020-05-25T00:00:00.000Z,2.1,26.2,10.48,5.45,14.57,5.306,269
2020-05-26T00:00:00.000Z,2,15.45,4.95,3.7,7.17,2.38,292
2020-05-27T00:00:00.000Z,2.62,14.32,6.92,5.5,8.82,2.479,330
2020-05-28T00:00:00.000Z,0.45,26.8,4.93,3.2,8.73,5.316,395
2020-05-29T00:00:00.000Z,2.15,35.67,5.01,4.12,6.22,2.432,314
2020-05-30T00:00:00.000Z,0.43,13.52,2.9,1.75,4.57,2.315,310
2020-05-31T00:00:00.000Z,0.1,13.75,1.78,0.92,2.92,1.613,236
2020-06-01T00:00:00.000Z,2.78,8.38,4.25,3.53,4.8,1.388,15
2020-06-02T00:00:00.000Z,0.3,6.22,1.91,1.07,2.86,1.233,132
2020-06-03T00:00:00.000Z,0.95,11.5,2.97,2.31,3.96,1.564,348
2020-06-04T00:00:00.000Z,1.2,19.3,4.3,3.16,6.34,2.859,396
2020-06-05T00:00:00.000Z,0.35,83.55,2.22,1.27,4.03,6.684,332
2020-06-06T00:00:00.000Z,0.35,12.63,2.5,1.55,3.5,1.619,355
2020-06-07T00:00:00.000Z,1.12,10.3,3.58,2.69,4.63,1.459,397
2020-06-08T00:00:00.000Z,0.88,9.4,2.83,2.12,3.83,1.417,390
2020-06-09T00:00:00.000Z,1.35,12.75,4.8,3.65,6.45,2.037,355
2020-06-10T00:00:00.000Z,0.8,13.13,3.7,2.58,5,1.909,391
2020-06-11T00:00:00.000Z,0.1,12.07,1.99,1.2,3.34,1.764,404
2020-06-12T00:00:00.000Z,0.9,13.1,4.87,3.25,6.62,2.539,343
2020-06-13T00:00:00.000Z,1.8,17.75,6.05,3.67,8.8,3.267,303
2020-06-14T00:00:00.000Z,1.25,12.05,3.34,2.57,4.54,1.51,144
2020-06-15T00:00:00.000Z,0.9,13.93,2.72,1.95,4.32,2.198,299
2020-06-16T00:00:00.000Z,1.52,16.37,3.7,2.97,5.2,1.756,314
2020-06-17T00:00:00.000Z,1.3,10.32,4.2,3.45,5.15,1.459,346
2020-06-18T00:00:00.000Z,0.77,9.38,2.19,1.77,2.87,1.11,354
2020-06-19T00:00:00.000Z,2.85,11.43,5.78,4.62,7.07,1.768,235
2020-06-20T00:00:00.000Z,3,15.32,6.31,5.4,8.02,2.066,230
2020-06-21T00:00:00.000Z,2.04,15.9,5.12,3.75,7.45,2.678,294
2020-06-22T00:00:00.000Z,0.95,9.63,3.6,2.7,4.62,1.54,246
2020-06-23T00:00:00.000Z,2.72,19.13,6.07,4.8,7.93,2.95,327
2020-06-24T00:00:00.000Z,1.73,25.02,6.15,4.59,8.39,3.478,333
2020-06-25T00:00:00.000Z,1.8,11.02,3.95,3.03,5.2,1.692,346
2020-06-26T00:00:00.000Z,2.9,17.45,6.89,5,9.69,3.149,406
2020-06-27T00:00:00.000Z,3.2,12.63,5.68,4.67,6.59,1.373,377
2020-06-28T00:00:00.000Z,1.6,17.87,4.91,3.32,9.31,3.662,316
2020-06-29T00:00:00.000Z,0.56,11.27,4.15,3,5.53,1.978,306
2020-06-30T00:00:00.000Z,2.02,11.52,4.43,3.55,5.7,1.691,239
2020-07-01T00:00:00.000Z,1.1,9.02,3.45,2.5,4.55,1.608,285
2020-07-02T00:00:00.000Z,0.85,8.82,3.05,2.15,4.12,1.527,267
2020-07-03T00:00:00.000Z,0.25,8.23,1.55,1.1,2.17,1.145,205
2020-07-04T00:00:00.000Z,0.13,15.18,2.42,1.42,3.84,2.012,197
2020-07-05T00:00:00.000Z,0.2,15.85,2.5,1.37,4.72,2.445,306
2020-07-06T00:00:00.000Z,0.82,20.37,4.5,3.31,6.18,2.358,148
2020-07-07T00:00:00.000Z,0.73,18.25,4.8,3.25,6.5,2.507,255
2020-07-08T00:00:00.000Z,0.4,9.4,2.22,1.55,3.17,1.411,266
2020-07-09T00:00:00.000Z,0.52,8.5,2.78,1.94,3.72,1.39,312
2020-07-10T00:00:00.000Z,0.85,8.55,3,2.1,3.9,1.385,347
2020-07-11T00:00:00.000Z,0.75,8.73,3.08,2.17,4.32,1.653,273
2020-07-12T00:00:00.000Z,0.73,10.65,3.29,2.27,4.48,1.774,336
2020-07-13T00:00:00.000Z,0.9,9.38,2.95,2.27,4.07,1.497,315
2020-07-14T00:00:00.000Z,1.58,10.19,4.46,3.47,5.55,1.636,326
2020-07-15T00:00:00.000Z,0.68,10.7,3.47,2.45,4.47,1.625,185
2020-07-16T00:00:00.000Z,0.7,9.23,2.47,1.67,3.35,1.266,196
2020-07-17T00:00:00.000Z,0.62,10.32,2.54,1.73,3.9,1.668,303
2020-07-18T00:00:00.000Z,0.93,19.57,2.72,2.2,3.74,1.651,320
2020-07-19T00:00:00.000Z,1.85,9.9,4.17,3.29,5.32,1.484,124
2020-07-20T00:00:00.000Z,0.62,23.5,3.47,2.17,5.15,2.929,121
2020-07-21T00:00:00.000Z,0.43,10.95,3.1,1.98,4.68,1.889,167
2020-07-22T00:00:00.000Z,0.4,8.88,2.6,1.76,3.87,1.579,220
2020-07-23T00:00:00.000Z,0.22,7.32,1.85,1.17,3.16,1.431,241
2020-07-24T00:00:00.000Z,0.37,13.07,3.95,2.58,5.5,2.139,272
2020-07-25T00:00:00.000Z,1.6,7.6,3.99,3.23,4.97,1.305,28
2020-07-26T00:00:00.000Z,0.68,16.67,3.59,2.6,5.35,2.306,334
2020-07-27T00:00:00.000Z,2.33,14.13,5.37,4.18,6.57,1.784,219
2020-07-28T00:00:00.000Z,1.62,13.95,4.75,3.67,6.3,2.099,287
2020-07-29T00:00:00.000Z,1.02,10.88,4.19,2.97,5.37,1.715,190
2020-07-30T00:00:00.000Z,0.9,11.1,3.83,2.92,5.03,1.681,294
2020-07-31T00:00:00.000Z,1.37,19.87,4.15,3.17,5.37,2.199,315
2020-08-01T00:00:00.000Z,1.47,10,4.15,3.22,5.03,1.439,320
2020-08-02T00:00:00.000Z,0.9,14.05,3.28,2.35,5.05,2.38,318
2020-08-03T00:00:00.000Z,0.56,14.98,3.35,2.15,4.88,2.205,313
2020-08-04T00:00:00.000Z,0.35,11.32,2.33,1.65,3.35,1.577,356
2020-08-05T00:00:00.000Z,0.65,16.55,3,2.12,4.2,1.905,377
2020-08-06T00:00:00.000Z,1.85,10.07,4.57,3.9,5.57,1.396,294
2020-08-07T00:00:00.000Z,1.7,17.07,4.22,3.37,5.32,1.753,377
2020-08-08T00:00:00.000Z,1.87,17.42,5,3.75,6.75,2.411,335
2020-08-09T00:00:00.000Z,1.52,16.45,4.37,3.35,6.02,2.064,380
2020-08-10T00:00:00.000Z,2.7,19.05,6.7,5.18,9,2.541,379
2020-08-11T00:00:00.000Z,1.35,11.68,3.6,2.85,4.57,1.427,389
2020-08-12T00:00:00.000Z,1.05,11.35,3.17,2.5,4.03,1.362,387
2020-08-13T00:00:00.000Z,1.33,12.2,3.1,2.29,4.43,1.674,387
2020-08-14T00:00:00.000Z,0.98,14.85,5.05,3.22,7.29,2.731,349
2020-08-15T00:00:00.000Z,3.08,55.72,7.55,5.95,9.16,3.448,397
2020-08-16T00:00:00.000Z,4.2,18.32,7.97,6.56,9.56,2.169,389
2020-08-17T00:00:00.000Z,2.62,16.8,6.11,4.47,8.63,2.613,390
2020-08-18T00:00:00.000Z,2.87,15.4,6.47,5.25,7.84,2.066,384
2020-08-19T00:00:00.000Z,1.4,15.23,4.8,3.61,8.07,3.005,389
2020-08-20T00:00:00.000Z,2.35,16.02,5.95,4.55,8.05,2.334,379
2020-08-21T00:00:00.000Z,2.35,16.85,7.12,5.56,9.34,2.868,373
2020-08-22T00:00:00.000Z,2.72,17.14,6.35,5.28,7.9,2.299,347
2020-08-23T00:00:00.000Z,0.4,18.67,3.58,2.25,5.05,2.266,351
2020-08-24T00:00:00.000Z,0.88,12.75,3.45,2.54,4.45,1.692,335
2020-08-25T00:00:00.000Z,0.3,12.98,1.98,1.35,2.9,1.543,346
2020-08-26T00:00:00.000Z,0.37,10.77,3.35,1.85,4.78,1.999,347
2020-08-27T00:00:00.000Z,0.47,9.07,2.29,1.6,3.07,1.26,380
2020-08-28T00:00:00.000Z,0.28,12,2.86,1.33,4.9,2.299,338
2020-08-29T00:00:00.000Z,0.2,65.45,3.25,1.36,5.59,9.133,345
2020-08-30T00:00:00.000Z,0.13,39.63,2.86,1.25,5.32,3.416,360
2020-08-31T00:00:00.000Z,0,13.43,1.15,0.6,2,1.329,354
2020-09-01T00:00:00.000Z,0.25,5.93,1.33,0.9,2.13,1.094,300
2020-09-02T00:00:00.000Z,0.43,21.87,2.67,1.57,3.83,1.993,360
2020-09-03T00:00:00.000Z,0.82,9.85,2.94,2.09,4.84,1.969,352
2020-09-04T00:00:00.000Z,1.2,14.43,4.48,3.46,6.02,1.951,360
2020-09-05T00:00:00.000Z,1.14,14.68,5.04,3.4,6.82,2.381,364
2020-09-06T00:00:00.000Z,0.68,9.9,2.8,2.04,3.99,1.726,320
2020-09-07T00:00:00.000Z,0.47,14.85,3.05,2.15,4.47,1.837,275
2020-09-08T00:00:00.000Z,0.6,11.3,3.23,1.95,4.95,2.122,205
2020-09-09T00:00:00.000Z,0.5,19.5,7.25,4.3,10.32,4.158,262
2020-09-10T00:00:00.000Z,1.35,14.25,4,2.97,5.76,2.507,180
2020-09-11T00:00:00.000Z,2.62,25.58,6.9,5.3,9.1,3.553,263
2020-09-12T00:00:00.000Z,0.65,20.58,9.19,6.78,12.02,4.181,234
2020-09-13T00:00:00.000Z,3.6,18.14,10.13,7.86,12.2,2.995,301
2020-09-14T00:00:00.000Z,3.03,17.6,7.05,5.68,8.9,2.573,251
2020-09-15T00:00:00.000Z,5.78,27.17,11,8.75,14.8,4.417,218
2020-09-16T00:00:00.000Z,0.1,6.1,0.82,0.5,1.65,1.691,15
2020-09-17T00:00:00.000Z,0.45,7.47,1.86,1.33,2.8,1.302,138
2020-09-18T00:00:00.000Z,0.7,15.07,3.03,2.08,4.34,1.978,275
2020-09-19T00:00:00.000Z,2.58,29.05,7.6,5.62,9.9,4.588,239
2020-09-20T00:00:00.000Z,4.57,44.72,10.39,7.62,13.52,7.392,150
2020-09-21T00:00:00.000Z,4.82,26,9.6,7.5,14.07,4.829,127
2020-09-22T00:00:00.000Z,5.43,100.43,9.65,8,12.82,8.934,242
2020-09-23T00:00:00.000Z,3.6,162.93,15.82,11.5,27.37,28.092,347
2020-09-24T00:00:00.000Z,1.25,25.92,5.9,4.55,10.52,4.956,348
2020-09-25T00:00:00.000Z,1.5,12.88,5.57,4.15,7.65,2.376,275
2020-09-26T00:00:00.000Z,0.98,18.67,3.3,2.22,6.62,4.437,214
2020-09-27T00:00:00.000Z,8.65,21.5,13.5,11.4,15.15,2.586,187
2020-09-28T00:00:00.000Z,0.8,17.95,4.8,2.75,9.84,4.264,233
2020-09-29T00:00:00.000Z,1.4,10.45,4.93,3.58,6.18,1.795,219
2020-09-30T00:00:00.000Z,2.65,13.68,5.7,4.29,7.47,1.943,316
2020-10-01T00:00:00.000Z,3.03,31.67,9.03,5.7,15.55,5.853,258
2020-10-02T00:00:00.000Z,3.22,67.12,21.13,9.02,30.23,15.842,242
2020-10-03T00:00:00.000Z,6.18,29.55,12.73,8.75,16.62,4.864,227
2020-10-04T00:00:00.000Z,0.8,23.2,5,2.37,11.63,5.765,258
2020-10-05T00:00:00.000Z,0.68,14.52,3.12,2.22,5.04,2.243,272
2020-10-06T00:00:00.000Z,0.73,13.02,5.37,3.59,6.82,2.415,281
2020-10-07T00:00:00.000Z,1.02,9.98,4.28,3.16,5.42,1.715,289
2020-10-08T00:00:00.000Z,0.8,13.52,5.72,3.58,7.53,2.671,272
2020-10-09T00:00:00.000Z,1.17,12.15,4.45,3.37,5.93,2.167,293
2020-10-10T00:00:00.000Z,0.47,23.15,2.9,1.86,4.36,2.131,341
2020-10-11T00:00:00.000Z,1.3,19.32,4.87,3.2,7.15,2.746,343
2020-10-12T00:00:00.000Z,0.1,18.25,6.6,2.41,8.48,3.488,284
2020-10-13T00:00:00.000Z,0.45,12.05,5.28,3.5,6.72,2.446,335
2020-10-14T00:00:00.000Z,0.3,9.02,1.35,0.9,1.98,1.077,319
2020-10-15T00:00:00.000Z,0.4,15.18,1.85,1.26,4.44,2.523,333
2020-10-16T00:00:00.000Z,0.37,8.98,2.19,1.17,3.87,1.8,342
2020-10-17T00:00:00.000Z,0.2,7.87,2.29,1.45,3.15,1.4,338
2020-10-18T00:00:00.000Z,0.56,12.48,3.9,2.27,5.65,2.471,346
2020-10-19T00:00:00.000Z,1.38,21.52,6.53,4.55,8.69,3.036,346
2020-10-20T00:00:00.000Z,6.07,26.5,15.39,12.6,17.52,4.174,354
2020-10-21T00:00:00.000Z,4.09,51.22,17.92,9.98,25.83,10.92,343
2020-10-22T00:00:00.000Z,1.48,17.67,6.15,4.88,7.8,2.448,346
2020-10-23T00:00:00.000Z,1.25,15.77,7.8,6.42,9.6,2.486,341
2020-10-24T00:00:00.000Z,2.29,38.85,8.57,6.03,13.95,8.776,343
2020-10-25T00:00:00.000Z,1.2,13.65,3.75,2.83,5.15,1.944,367
2020-10-26T00:00:00.000Z,2.47,20.05,6.37,5.05,8.55,3.421,384
2020-10-27T00:00:00.000Z,3.47,25.25,7.63,6.03,9.77,3.409,378
2020-10-28T00:00:00.000Z,1.27,18.45,6.97,4.66,9.68,3.589,389
2020-10-29T00:00:00.000Z,1.08,16.89,5.88,3.78,8.06,3.08,392
2020-10-30T00:00:00.000Z,0.3,29.4,4.55,2.22,10.9,6.117,402
2020-10-31T00:00:00.000Z,1.08,56.05,9.19,5.15,16.05,8.756,406
2020-11-01T00:00:00.000Z,3.08,19.02,9.5,7.7,11.35,2.783,411
2020-11-02T00:00:00.000Z,0.82,15.43,4.4,2.63,6.74,2.613,389
2020-11-03T00:00:00.000Z,2.22,20.35,10.82,7.88,13.48,3.779,386
2020-11-04T00:00:00.000Z,1.35,17.82,5.88,4.55,7.63,2.372,323
2020-11-05T00:00:00.000Z,1.3,20.1,7.67,5.42,10.42,3.895,313
2020-11-06T00:00:00.000Z,2.58,51.13,9.5,6.95,13.67,6.094,331
2020-11-07T00:00:00.000Z,2.85,23.63,7.38,5.53,12.07,4.753,351
2020-11-08T00:00:00.000Z,2.58,26.75,11.75,6.28,18.91,6.669,320
2020-11-09T00:00:00.000Z,3.25,25.5,14.4,8.8,17.45,5.216,263
2020-11-10T00:00:00.000Z,16.39,97.78,29.72,23.65,44.65,16.07,306
2020-11-11T00:00:00.000Z,6.45,88.7,20.6,13.6,31.88,19.282,313
2020-11-12T00:00:00.000Z,9.55,59.58,29.38,22.98,33.2,7.8,269
2020-11-13T00:00:00.000Z,5.63,31.83,18.92,12.84,22.84,6.008,289
2020-11-14T00:00:00.000Z,6.2,42.2,17.69,13.43,28.49,9.05,308
2020-11-15T00:00:00.000Z,6.53,30.6,12.75,10.57,16.17,4.284,263
2020-11-16T00:00:00.000Z,1.95,18.6,7.65,6.4,9.8,2.583,259
2020-11-17T00:00:00.000Z,0.8,20.67,7.78,5.28,11.01,4.178,280
2020-11-18T00:00:00.000Z,3.45,34.75,8.6,6.78,12.13,4.982,331
2020-11-19T00:00:00.000Z,2.52,25.7,10.88,8.16,14.3,4.534,333
2020-11-20T00:00:00.000Z,3,18.55,8.57,6.85,10.95,2.994,338
2020-11-21T00:00:00.000Z,0.45,22.55,8.69,5.03,11.74,5.072,288
2020-11-22T00:00:00.000Z,4.05,25.5,12.19,9.31,14.85,3.983,280
2020-11-23T00:00:00.000Z,2.52,19.88,8.5,6.82,10.75,3.046,250
2020-11-24T00:00:00.000Z,5.47,35,21.38,12.29,25.86,7.536,261
2020-11-25T00:00:00.000Z,10.63,43.85,24.9,19.27,34.03,8.217,223
2020-11-26T00:00:00.000Z,2.15,62.9,9.82,6.35,40.54,18.807,257
2020-11-27T00:00:00.000Z,0.77,285.52,7.6,4.84,49.88,60.894,253
2020-11-28T00:00:00.000Z,2.65,197.57,7.85,6.07,30.35,43.006,255
2020-11-29T00:00:00.000Z,0.85,13.75,2.4,1.83,4.15,2.34,261
2020-11-30T00:00:00.000Z,0.4,32.29,6.17,3.45,17.95,8.02,226
2020-12-01T00:00:00.000Z,12.02,38.25,22.12,18.14,25.02,4.697,228
2020-12-02T00:00:00.000Z,15.7,59.95,31.98,25.46,43.88,11.21,245
2020-12-03T00:00:00.000Z,39.15,73.47,52.53,47.2,58.65,7.37,219
2020-12-04T00:00:00.000Z,16.52,57.38,35.75,31.84,38.82,6.273,236
2020-12-05T00:00:00.000Z,20.38,48.28,30.94,27.34,34.67,5.412,228
2020-12-06T00:00:00.000Z,20.52,39.83,29.52,27.2,31.87,3.481,305
2020-12-07T00:00:00.000Z,12.18,41.3,27.33,24.45,30.02,4.542,269
2020-12-08T00:00:00.000Z,3.03,54.4,34.33,23.17,40.36,13.474,257
2020-12-09T00:00:00.000Z,25.5,53.57,37.06,32.47,40.83,5.997,234
2020-12-10T00:00:00.000Z,8.17,72.18,36.88,25.13,45.33,15.203,243
2020-12-11T00:00:00.000Z,9.73,69.95,27.95,21.17,39.38,13.448,288
2020-12-12T00:00:00.000Z,9.25,57.2,19.55,15.05,35.67,11.491,290
2020-12-13T00:00:00.000Z,4.2,37.17,16.16,11.54,19.6,6.323,276
2020-12-14T00:00:00.000Z,5.95,38.72,16.75,13.29,25.73,7.488,260
2020-12-15T00:00:00.000Z,3.08,33.72,15.02,12.85,17.6,5.185,278
2020-12-16T00:00:00.000Z,5.25,34.4,14.05,11.6,17.67,5.856,278
2020-12-17T00:00:00.000Z,6.9,38.53,20.5,13.13,28.48,8.17,255
2020-12-18T00:00:00.000Z,5.93,25.35,12.32,9.98,15.05,3.895,271
2020-12-19T00:00:00.000Z,7.82,70.2,18.95,14.1,24.17,9.012,263
2020-12-20T00:00:00.000Z,7.72,23.85,13.15,10.73,16.27,3.485,275
2020-12-21T00:00:00.000Z,8.1,31.42,18.93,14.05,22.45,5.223,267
2020-12-22T00:00:00.000Z,0.8,26.3,10.25,6.1,13.6,5.69,259
2020-12-23T00:00:00.000Z,4.05,72.47,12.02,9.18,23.47,11.49,281
2020-12-24T00:00:00.000Z,1.35,26.38,11.2,3.97,16.43,7,237
2020-12-27T00:00:00.000Z,5.18,13.6,8.39,7.1,10.33,2.124,60
2020-12-28T00:00:00.000Z,5.3,18.6,10.63,8.73,12.35,2.604,267
2020-12-29T00:00:00.000Z,6,39.04,17.35,12,21.92,7.478,267
2020-12-30T00:00:00.000Z,5.09,28.63,16.14,10.66,19.6,5.256,269
2020-12-31T00:00:00.000Z,5.15,666.83,15.52,11.68,19.73,55.003,283
2021-01-01T00:00:00.000Z,5,43.4,13.46,10.07,19.3,6.811,272
2021-01-02T00:00:00.000Z,10.55,97.1,19.07,15.84,23.78,12.832,248
2021-01-03T00:00:00.000Z,0.73,22.83,3.42,2.38,4.97,5.508,251
2021-01-04T00:00:00.000Z,0.63,22.8,2.21,1.48,3.17,1.657,246
2021-01-05T00:00:00.000Z,0.75,9.57,2.52,1.92,3.22,1.212,243
2021-01-06T00:00:00.000Z,1.12,16.75,2.95,2.34,4.09,1.702,245
2021-01-07T00:00:00.000Z,0.3,19.42,3.2,1.92,6.22,2.895,247
2021-01-08T00:00:00.000Z,3.42,18.63,6.93,5.4,8.65,2.5,255
2021-01-09T00:00:00.000Z,2.97,17.89,5.78,4.72,8.82,3.117,253
2021-01-10T00:00:00.000Z,6.8,24.47,16.27,11.02,18.57,4.379,253
2021-01-11T00:00:00.000Z,3.25,23.77,11.2,7.55,14.43,4.481,225
2021-01-12T00:00:00.000Z,0.37,18.05,5.78,4.05,8.16,3.185,248
2021-01-13T00:00:00.000Z,0.95,18.64,6.17,2.87,9.52,3.995,243
2021-01-14T00:00:00.000Z,2.8,14.5,6.9,5.88,7.82,1.639,234
2021-01-15T00:00:00.000Z,2.15,13.63,5.76,4.72,7.35,2.095,252
2021-01-16T00:00:00.000Z,1.58,25.02,5.2,3.92,8.65,4.7,238
2021-01-17T00:00:00.000Z,4.9,44.53,12.98,10.15,20.17,9.564,227
2021-01-18T00:00:00.000Z,5.18,49.08,20,13.82,37.1,12.84,211
2021-01-19T00:00:00.000Z,2.72,137.82,13.73,8.98,24.22,18.505,193
2021-01-20T00:00:00.000Z,3.5,28.8,8.38,6.18,12.1,4.273,95
2021-01-21T00:00:00.000Z,4.3,11.48,6.46,5.36,8.03,1.833,52
2021-01-22T00:00:00.000Z,0.6,25.2,10.85,6.28,15.55,6.096,65
2021-01-23T00:00:00.000Z,10.1,37.78,22.75,18.57,28.08,5.787,51
2021-01-24T00:00:00.000Z,17.89,46.63,29.6,25.6,37.29,6.965,182
2021-01-25T00:00:00.000Z,5.38,41.25,13.77,10.1,17.95,8.23,173
2021-01-26T00:00:00.000Z,2.54,17.13,12.44,10,14.32,3.589,62
2021-01-27T00:00:00.000Z,2.72,58.22,30.38,7.82,34.35,14.636,49
2021-01-28T00:00:00.000Z,0.95,21.02,3.97,2.93,4.82,3.425,52
2021-01-29T00:00:00.000Z,1.75,12.25,6.98,4.74,9.18,2.65,124
2021-01-30T00:00:00.000Z,1.42,15.25,6.53,4.47,8.3,2.575,207
2021-01-31T00:00:00.000Z,1.92,73.09,7.04,5.15,13.35,8.847,250
2021-02-01T00:00:00.000Z,3.15,53.65,13.43,8.41,19.3,7.436,209
2021-02-02T00:00:00.000Z,9.77,33.04,20.42,16.63,23.16,4.755,217
2021-02-03T00:00:00.000Z,3.92,42.17,10.68,7.28,30.52,11.807,195
2021-02-04T00:00:00.000Z,3.3,17.13,6.55,5.12,8.99,2.635,233
2021-02-05T00:00:00.000Z,2.83,11.2,5.62,4.71,7.03,1.709,212
2021-02-06T00:00:00.000Z,2,10.52,4.98,4.15,6.06,1.521,220
2021-02-07T00:00:00.000Z,1.1,11.83,3.3,2.49,4.8,1.969,217
2021-02-08T00:00:00.000Z,0.82,11.98,3.47,2.54,4.53,1.648,236
2021-02-09T00:00:00.000Z,0.65,12.98,2.8,2.08,3.92,1.572,223
2021-02-10T00:00:00.000Z,1.08,16.02,3.91,2.88,5.12,1.941,220
2021-02-11T00:00:00.000Z,1.05,11.77,3.54,2.8,4.84,1.59,214
2021-02-12T00:00:00.000Z,1.02,18.77,4.42,2.65,7.57,3.217,242
2021-02-13T00:00:00.000Z,2.13,19.98,6.93,5.6,9.57,3.699,230
2021-02-14T00:00:00.000Z,5.03,32.35,15.48,11.38,19.42,6.143,222
2021-02-15T00:00:00.000Z,4.03,28.37,10.07,7.9,16.82,5.647,223
2021-02-16T00:00:00.000Z,5.18,43.25,13.49,8.14,19.42,6.965,212
2021-02-17T00:00:00.000Z,8.75,170.07,43.48,19.67,59.48,32.885,212
2021-02-18T00:00:00.000Z,31.88,248.32,75.03,56.3,94.22,42.09,235
2021-02-19T00:00:00.000Z,3.95,58.63,20.14,14.82,26.67,12.564,219
2021-02-20T00:00:00.000Z,6.8,38.04,13.34,11.05,16.38,4.34,232
2021-02-21T00:00:00.000Z,9.5,37.04,18.39,15.6,22.02,4.91,218
2021-02-22T00:00:00.000Z,20.63,43.38,28.79,26.07,32.78,4.782,198
2021-02-23T00:00:00.000Z,11,41.78,23.78,19.13,27.56,6.319,212
2021-02-24T00:00:00.000Z,5.6,41.42,13.25,10.01,20.65,7.901,201
2021-02-25T00:00:00.000Z,8.44,29.67,18.13,14.65,21.35,4.727,126
2021-02-26T00:00:00.000Z,5.65,32.92,17.48,14.43,20.67,5.406,99
2021-02-27T00:00:00.000Z,4.4,28.98,14.73,10.35,18.38,5.533,143
2021-02-28T00:00:00.000Z,8.15,35.22,21.33,15.35,25.77,6.318,103
2021-03-01T00:00:00.000Z,4.93,51.58,11.22,8.27,16.68,6.869,204
2021-03-02T00:00:00.000Z,5.38,487.3,13.4,9.19,40.9,87.462,175
2021-03-03T00:00:00.000Z,6.9,288.64,40.08,18.52,96.05,58.9,198
2021-03-04T00:00:00.000Z,1.27,22.9,7,4.4,9.5,4.051,183
2021-03-05T00:00:00.000Z,0.7,152.05,6.32,3.3,8.88,10.782,206
2021-03-06T00:00:00.000Z,1.98,14.8,7.56,5.93,8.85,2.406,202
2021-03-07T00:00:00.000Z,0.93,19.95,8.82,6.22,11.36,3.584,97
2021-03-08T00:00:00.000Z,0.73,31.27,6.2,3.62,10.19,6.04,157
2021-03-09T00:00:00.000Z,2.92,31.42,10.13,5.43,14.18,6.453,167
2021-03-10T00:00:00.000Z,3.13,20.73,11.9,8.82,14.31,3.786,161
2021-03-11T00:00:00.000Z,2,47.3,17.32,10.95,28.55,10.726,201
2021-03-12T00:00:00.000Z,2.35,39.92,11.85,7.45,18.67,7.964,208
2021-03-13T00:00:00.000Z,0.47,24.13,8.07,5.14,14.29,5.403,225
2021-03-14T00:00:00.000Z,1.35,17.5,7.43,4.59,11.01,4.163,217
2021-03-15T00:00:00.000Z,2.02,24.45,6.98,4.4,12.05,5.251,198
2021-03-16T00:00:00.000Z,1.4,14.1,4.5,3.2,6.26,2.59,205
2021-03-17T00:00:00.000Z,0.5,25.4,7.1,3.92,13.68,6.757,224
2021-03-18T00:00:00.000Z,0.22,13.93,4.63,2.25,6.03,2.568,189
2021-03-19T00:00:00.000Z,0.56,9.5,2.9,1.67,4.12,1.725,149
2021-03-20T00:00:00.000Z,2,11.35,4.34,3.38,6.18,1.967,114
2021-03-21T00:00:00.000Z,0.52,16.48,4.15,2.29,7.15,3.553,179
2021-03-22T00:00:00.000Z,1.83,20.13,6.32,4.5,9.82,3.655,211
2021-03-23T00:00:00.000Z,2.2,39.54,8.98,6.7,11.8,6.276,267
2021-03-24T00:00:00.000Z,18.2,50.45,26.98,23.29,31.95,6.521,185
2021-03-25T00:00:00.000Z,3.83,52.83,10.87,7.53,16.04,11.343,88
2021-03-26T00:00:00.000Z,9.82,65.45,25.14,17.94,36.46,11.61,164
2021-03-27T00:00:00.000Z,0.5,95.28,13.54,2.38,71.84,34.428,182
2021-03-28T00:00:00.000Z,2.8,36.78,14.23,10.87,17.48,5.578,149
2021-03-29T00:00:00.000Z,4.15,35.97,17.07,13.04,20.55,5.678,168
2021-03-30T00:00:00.000Z,5,32.63,11.71,7.88,17.98,6.192,182
2021-03-31T00:00:00.000Z,5.7,27.58,14.13,11.27,17.32,4.437,159
2021-04-01T00:00:00.000Z,0.22,50.28,5.79,1.75,25.3,13.713,154
2021-04-02T00:00:00.000Z,2.33,18.48,6.4,4.84,8.41,3.138,176
2021-04-03T00:00:00.000Z,0.45,10.68,2.88,1.64,4.44,2.027,169
2021-04-04T00:00:00.000Z,1.58,27.45,9.76,4.45,15.77,6.619,142
2021-04-05T00:00:00.000Z,0.63,31.15,9.27,6.22,15.09,7.249,40
2021-04-06T00:00:00.000Z,2.22,25.98,9.93,7.03,13.92,4.532,84
2021-04-07T00:00:00.000Z,0.9,15.82,4.93,2.9,8.08,3.386,52
2021-04-08T00:00:00.000Z,1.67,22.35,7.63,4.05,12.93,5.431,142
2021-04-09T00:00:00.000Z,3.9,26.55,10.77,8.68,15.52,5.536,81
2021-04-10T00:00:00.000Z,1.17,18.32,7.3,3.72,10.1,3.832,127
2021-04-11T00:00:00.000Z,2.2,51.28,9.24,5.75,19.05,13.805,108
2021-04-12T00:00:00.000Z,1.27,12,3.1,2.13,4.05,1.797,87
2021-04-13T00:00:00.000Z,1.63,19.35,4.62,3.17,7.9,3.667,106
2021-04-14T00:00:00.000Z,0.13,15,3.47,1.92,5.5,3.186,102
2021-04-15T00:00:00.000Z,0.32,25.2,3.5,1.2,6.57,3.726,91
2021-04-16T00:00:00.000Z,0.9,6.3,2.92,2.17,4.05,1.363,38
2021-04-17T00:00:00.000Z,0.43,14.85,3.83,2.13,6.5,3.211,123
2021-04-18T00:00:00.000Z,1.55,18.02,6.8,3.85,10.03,3.834,37
2021-04-19T00:00:00.000Z,6.4,16.02,10.4,8.07,11.7,2.812,11
2021-04-24T00:00:00.000Z,1,3.55,2.97,1.37,3.4,0.973,5
2021-04-25T00:00:00.000Z,0.73,8.19,3.68,2.24,5.13,1.937,32
2021-04-26T00:00:00.000Z,0.35,6.53,1.45,0.94,2.88,1.51,25
2021-04-27T00:00:00.000Z,0.95,9.85,2.45,1.77,4.59,2.082,21
2021-04-28T00:00:00.000Z,2.9,14.75,8.18,6.05,9.38,2.301,35
2021-04-29T00:00:00.000Z,4.63,18.35,9.24,8.03,11.71,2.914,24
2021-04-30T00:00:00.000Z,2.8,9.43,4.15,3.65,5.76,1.65,33
2021-05-01T00:00:00.000Z,1.35,11.23,6.2,4.09,8.78,2.86,25
2021-05-02T00:00:00.000Z,0.82,10.73,3.09,1.92,8.19,3.198,22
2021-05-03T00:00:00.000Z,1.92,13.6,7.46,4.9,11.02,3.572,14
2021-05-04T00:00:00.000Z,2.45,17.38,6.7,4.01,11.06,4.589,13
2021-05-05T00:00:00.000Z,1.52,5.5,3.35,2.42,4.57,1.287,11
2021-05-06T00:00:00.000Z,1.08,3.38,1.94,1.66,2.73,0.731,12
2021-05-07T00:00:00.000Z,0.82,10.5,2.95,1.94,5.12,2.266,57
2021-05-08T00:00:00.000Z,1.8,14.55,5.6,3.6,8.06,2.885,112
2021-05-09T00:00:00.000Z,3.3,15.25,7.6,6.5,9.3,2.3,127
2021-05-10T00:00:00.000Z,1.58,9.77,4.94,4.03,6.8,1.935,122
2021-05-11T00:00:00.000Z,0.85,8.77,4.05,2.54,5.88,2.044,111
2021-05-12T00:00:00.000Z,3.65,25.17,9,6.93,12.02,3.822,107
2021-05-13T00:00:00.000Z,4.45,85.78,10.82,7.47,17,11.175,123
2021-05-14T00:00:00.000Z,3.42,96.93,9.63,7.23,14.5,14.263,113
2021-05-15T00:00:00.000Z,2.75,27.83,7.9,4.79,18.03,6.738,125
2021-05-16T00:00:00.000Z,2.08,23.58,8.32,5.68,17.14,6.342,131
2021-05-17T00:00:00.000Z,1.85,15,5.43,4.25,6.43,2.161,115
2021-05-18T00:00:00.000Z,2.38,22.2,5.32,4,7.93,3.901,104
2021-05-19T00:00:00.000Z,0.77,9.23,3.25,2.4,4.69,1.794,132
2021-05-20T00:00:00.000Z,1.3,11.73,5.3,3.15,7.68,2.583,113
2021-05-23T00:00:00.000Z,0.85,14.38,3.38,2.52,4.9,2.068,63
2021-05-24T00:00:00.000Z,2.9,11.35,5.63,4.43,6.95,1.862,127
2021-05-25T00:00:00.000Z,0.88,8.52,3.76,2.54,4.97,1.58,134
2021-05-29T00:00:00.000Z,2.5,14.35,6.56,5.18,9.15,2.725,86
2021-05-30T00:00:00.000Z,3.25,22.48,8.4,5.89,12.08,4.33,145
2021-05-31T00:00:00.000Z,2.95,14.8,6.91,5.05,8.76,2.713,120
2021-06-01T00:00:00.000Z,0.85,20.85,7.14,2.65,10.48,4.593,146
2021-06-02T00:00:00.000Z,3.15,15.3,5.8,4.68,7.03,2.182,138
2021-06-03T00:00:00.000Z,2.4,14.77,5.2,3.95,6.4,1.881,131
2021-06-04T00:00:00.000Z,3.08,12.13,6.1,5.17,7.41,1.745,141
2021-06-05T00:00:00.000Z,2.6,11.15,4.84,3.78,6.23,1.837,139
2021-06-06T00:00:00.000Z,2.15,11.07,4.72,3.67,6.32,1.729,167
2021-06-07T00:00:00.000Z,2.85,14.65,5.2,4.42,6.44,1.685,261
2021-06-08T00:00:00.000Z,0.8,11.97,3.8,2.69,6.14,2.426,197
2021-06-09T00:00:00.000Z,1.45,11.7,4.23,3.15,5.75,1.947,216
2021-06-10T00:00:00.000Z,2.23,10.23,5.15,3.97,6.4,1.816,154
2021-06-11T00:00:00.000Z,1.73,11.23,4.75,3.5,6.2,1.934,157
2021-06-12T00:00:00.000Z,3.13,15.9,6.57,5.18,8.23,2.413,142
2021-06-13T00:00:00.000Z,3.87,13.8,7.56,6.18,9.48,2.315,146
2021-06-14T00:00:00.000Z,0.55,12.93,5.53,4.38,7.28,2.146,163
2021-06-15T00:00:00.000Z,0.56,12.98,3.72,2.78,5.47,2.354,174
2021-06-16T00:00:00.000Z,1.48,11.9,4.33,3.45,5.43,1.717,151
2021-06-17T00:00:00.000Z,2.72,15.13,6.64,5.35,8.59,2.365,128
2021-06-18T00:00:00.000Z,6.22,26.35,11.1,9.44,12.57,2.899,205
2021-06-19T00:00:00.000Z,2.58,16.5,7.83,5.38,10.05,2.987,222
2021-06-20T00:00:00.000Z,0.73,19.5,5.88,4.32,7.65,3.796,251
2021-06-21T00:00:00.000Z,1.12,11.55,3.88,2.8,5.2,1.97,226
2021-06-22T00:00:00.000Z,3.4,14,7.29,5.85,8.94,2.178,194
2021-06-23T00:00:00.000Z,1.1,19,7.72,3.68,9.84,3.737,169
2021-06-24T00:00:00.000Z,1.9,29.02,4.5,3.45,12.28,6.563,56
2021-06-25T00:00:00.000Z,3.03,13.02,5.28,4.57,6.5,1.933,47
2021-06-26T00:00:00.000Z,2.02,8.98,4.68,3.54,5.77,1.626,73
2021-06-27T00:00:00.000Z,1.85,8.8,3.68,2.83,5.39,1.692,48
2021-06-28T00:00:00.000Z,1.02,11.73,3.76,2.88,5.4,2.123,82
2021-06-29T00:00:00.000Z,1.17,24.5,3.38,2.63,4.38,2.441,110
2021-06-30T00:00:00.000Z,2.9,10.13,5.3,4.22,6.39,1.624,85
2021-07-01T00:00:00.000Z,0.73,9.88,4.3,2.46,5.94,2.235,37
2021-07-02T00:00:00.000Z,1.42,8.13,2.92,2.2,5.03,1.839,39
2021-07-03T00:00:00.000Z,4.84,12.52,7.58,6.78,9.52,1.862,38
2021-07-04T00:00:00.000Z,2.25,11.65,5.82,4.26,8.5,2.682,28
2021-07-05T00:00:00.000Z,6.05,15.57,10.6,9.73,12.1,2.516,11
2021-07-06T00:00:00.000Z,2.42,11.8,5.53,4.44,8.21,2.772,21
2021-07-07T00:00:00.000Z,1.52,12.88,3.74,3.07,5.3,1.988,68
2021-07-08T00:00:00.000Z,2.33,10.15,4.03,3.28,5.33,1.774,29
2021-07-09T00:00:00.000Z,1.1,7.38,3.39,2.61,4.69,1.462,52
2021-07-10T00:00:00.000Z,1.55,11.1,4.59,3.65,5.63,1.915,87
2021-07-11T00:00:00.000Z,1.5,11.02,3.5,2.72,4.63,1.668,119
2021-07-12T00:00:00.000Z,2.4,18.14,4.8,3.67,6.55,2.345,106
2021-07-17T00:00:00.000Z,2.27,21.83,5.09,3.95,6.24,2.588,112
2021-07-18T00:00:00.000Z,2.13,16.27,7.31,5.38,9.27,2.92,186
2021-07-19T00:00:00.000Z,1.3,13.32,5.5,3.58,6.95,2.347,195
2021-07-20T00:00:00.000Z,1.9,13.3,5.74,4.3,8.1,2.55,174
2021-07-21T00:00:00.000Z,1.4,14.75,4.97,3.67,6.18,2.043,216
2021-07-22T00:00:00.000Z,3.03,13.9,6.55,5.43,7.78,1.891,195
2021-07-23T00:00:00.000Z,2.85,17.8,7.88,6.5,9.4,2.552,223
2021-07-24T00:00:00.000Z,3.6,14.85,7.19,6.07,8.65,2.017,238
2021-07-25T00:00:00.000Z,2.08,15.95,5.35,4.25,6.72,1.964,255
2021-07-26T00:00:00.000Z,4.13,19.73,10.84,8.44,13.18,3.311,238
2021-07-27T00:00:00.000Z,2.2,28.7,12.07,6.63,14.32,4.852,254
2021-07-28T00:00:00.000Z,2.72,13.27,5.6,4.13,8.36,2.49,271
2021-07-29T00:00:00.000Z,1.08,12.13,4.96,3.85,6.85,2.128,234
2021-07-30T00:00:00.000Z,1.85,13.17,5.11,3.94,6.87,2.191,188
2021-07-31T00:00:00.000Z,1.5,13.2,4.88,3.64,6.25,2.201,205
2021-08-01T00:00:00.000Z,0.77,14.38,3.16,2.16,6.52,3.1,176
2021-08-02T00:00:00.000Z,0.98,10.3,4.3,3.05,6.1,2.121,183
2021-08-03T00:00:00.000Z,0.95,10.05,3.12,2.37,4.13,1.626,162
2021-08-04T00:00:00.000Z,0.8,9.3,2.78,2.09,3.83,1.48,148
2021-08-05T00:00:00.000Z,1.67,9.55,3.29,2.52,4.51,1.494,188
2021-08-06T00:00:00.000Z,1.45,8.43,3.42,2.42,4.43,1.35,191
2021-08-07T00:00:00.000Z,1.3,12.13,4.55,2.84,7.66,2.739,213
2021-08-08T00:00:00.000Z,0.75,18.02,3.94,2.54,6.08,2.951,172
2021-08-09T00:00:00.000Z,1.2,20.37,5.3,4,6.97,2.697,114
2021-08-10T00:00:00.000Z,2.47,12.95,5.09,4.19,6,1.491,196
2021-08-11T00:00:00.000Z,0.63,16.23,3.97,2.83,5.25,2.037,183
2021-08-12T00:00:00.000Z,2.29,10.52,4.23,3.53,5.22,1.495,207
2021-08-13T00:00:00.000Z,2.5,17.2,5.71,4.59,7.56,2.384,364
2021-08-14T00:00:00.000Z,3.92,18.8,8.88,7.25,10.75,2.66,344
2021-08-15T00:00:00.000Z,2,14.3,5.84,4.5,7.55,2.309,338
2021-08-16T00:00:00.000Z,0.65,13.85,3.08,2.15,5.05,2.469,335
2021-08-17T00:00:00.000Z,1.05,16,3.97,2.85,6.57,2.735,355
2021-08-18T00:00:00.000Z,0.7,16.23,5.93,3.9,7.88,2.834,342
2021-08-19T00:00:00.000Z,1.03,14.9,4.97,3.83,6.3,2.083,410
2021-08-20T00:00:00.000Z,0.73,34.08,4.07,2.7,5.7,2.716,391
2021-08-21T00:00:00.000Z,1,17.07,3.35,2.45,5.42,2.621,405
2021-08-22T00:00:00.000Z,1.14,390.57,4.9,3.25,7.37,21.497,380
2021-08-23T00:00:00.000Z,1.5,12.82,3.55,2.8,4.7,1.724,359
2021-08-24T00:00:00.000Z,1.7,249.57,4.32,3.47,5.32,15.681,417
2021-08-25T00:00:00.000Z,0.23,15.68,5.32,3.67,6.85,2.398,406
2021-08-26T00:00:00.000Z,0.1,13.73,1.45,0.97,2.13,1.399,262
2021-08-27T00:00:00.000Z,0.22,10.4,1.88,1.1,4.43,2.2,291
2021-08-28T00:00:00.000Z,0.2,7.57,1.89,1.08,2.97,1.362,274
2021-08-29T00:00:00.000Z,0.6,13.63,7.35,4.3,8.97,3.006,277
2021-08-30T00:00:00.000Z,3.53,14.4,5.84,5.03,6.88,1.504,410
2021-08-31T00:00:00.000Z,2.45,14.23,5.54,4.65,6.6,1.597,402
2021-09-01T00:00:00.000Z,2.54,21.15,5.42,4.32,6.53,1.97,378
2021-09-02T00:00:00.000Z,0.45,18.95,7.15,3.9,10.25,4.088,435
2021-09-03T00:00:00.000Z,6.22,277.5,12.38,10.01,15.42,14.624,437
2021-09-04T00:00:00.000Z,1.37,14.9,4.57,3.06,7.03,2.801,449
2021-09-05T00:00:00.000Z,0.52,8.75,2.22,1.62,3.15,1.154,397
2021-09-06T00:00:00.000Z,0.93,11,3.92,2.83,5.07,1.678,394
2021-09-07T00:00:00.000Z,3.88,16.52,7.09,6,8.75,2.379,370
2021-09-08T00:00:00.000Z,5.8,70.25,10.45,9.3,12.07,3.905,455
2021-09-09T00:00:00.000Z,7.4,21.38,12.95,11.18,15.02,2.716,404
2021-09-10T00:00:00.000Z,8.38,44.63,14.95,11.88,18.89,4.865,458
2021-09-11T00:00:00.000Z,2.27,43,11.6,7.34,21.57,9.552,461
2021-09-12T00:00:00.000Z,0.82,24.03,3.75,2.67,6.28,5.815,446
2021-09-13T00:00:00.000Z,1.4,170.43,6.7,5.05,8.63,8.067,459
2021-09-14T00:00:00.000Z,1,13.75,4.07,2.97,5.3,1.756,461
2021-09-15T00:00:00.000Z,1.7,22.02,6.25,4.12,8.5,2.956,453
2021-09-16T00:00:00.000Z,0.55,36.45,3.72,2.2,13.65,9.246,451
2021-09-17T00:00:00.000Z,0,6.03,1.23,0.74,1.8,0.992,444
2021-09-18T00:00:00.000Z,0.93,12.3,3.49,2.85,4.43,1.405,400
2021-09-19T00:00:00.000Z,1.1,7.85,2.9,2.33,3.6,1.057,437
2021-09-20T00:00:00.000Z,2,15.4,5.5,4.2,7.16,2.061,457
2021-09-21T00:00:00.000Z,3.45,24,7.47,6.18,10.5,3.713,451
2021-09-22T00:00:00.000Z,4.22,209.82,11.9,8.48,17.34,12.306,452
2021-09-23T00:00:00.000Z,1.12,28.02,9.88,8,12.48,4.373,458
2021-09-24T00:00:00.000Z,2.06,22.8,9.4,7.18,12.03,3.515,451
2021-09-25T00:00:00.000Z,2.45,19.39,8.89,6.94,10.97,3.002,452
2021-09-26T00:00:00.000Z,4.47,19.52,8.94,7.5,10.95,2.602,455
2021-09-27T00:00:00.000Z,5.6,33,12.7,10.6,15.95,5.108,445
2021-09-28T00:00:00.000Z,2.04,36.53,7.24,5.34,10.24,6.023,456
2021-09-29T00:00:00.000Z,1.12,19.75,7.63,5.84,10.75,3.73,449
2021-09-30T00:00:00.000Z,0.43,16.32,3.95,2.25,5.85,2.603,444
2021-10-01T00:00:00.000Z,2,16.14,4.88,3.78,6.28,1.906,446
2021-10-02T00:00:00.000Z,2.38,13.93,6.25,4.55,7.82,2.213,443
2021-10-03T00:00:00.000Z,0.13,22.23,10.77,8.97,12.47,3.421,454
2021-10-04T00:00:00.000Z,0.32,13.63,4.94,3.53,6.25,2.182,452
2021-10-05T00:00:00.000Z,0.77,15.23,4.76,3.03,6.31,2.356,461
2021-10-06T00:00:00.000Z,1.73,18.55,6.8,4.59,9.13,3.026,451
2021-10-07T00:00:00.000Z,1.95,169.82,10.24,4.9,17.89,24.163,454
2021-10-08T00:00:00.000Z,2.58,22.4,6.68,4.65,9.69,3.656,458
2021-10-09T00:00:00.000Z,6.32,72.72,14.57,10.7,21.48,7.232,451
2021-10-10T00:00:00.000Z,5.77,25.3,10.99,9.72,12.76,2.454,460
2021-10-11T00:00:00.000Z,1.58,31.67,7.81,5.69,10.9,6.699,460
2021-10-12T00:00:00.000Z,0,12.15,2.71,1.58,4.2,2.043,458
2021-10-13T00:00:00.000Z,0.4,9.48,3.1,2.17,4.34,1.567,452
2021-10-14T00:00:00.000Z,0.4,13.65,4.7,2.88,7.19,2.913,453
2021-10-15T00:00:00.000Z,1.6,23.52,8.99,6.5,11.32,3.685,454
2021-10-16T00:00:00.000Z,1.77,20.67,5.17,3.74,8.49,3.39,460
2021-10-17T00:00:00.000Z,0.9,12.2,4.34,3.3,5.8,1.874,446
2021-10-18T00:00:00.000Z,0.8,13.93,3.72,2.75,5,1.805,449
2021-10-19T00:00:00.000Z,2.72,38.27,15.73,11.43,20.37,6.457,459
2021-10-20T00:00:00.000Z,2.93,29.55,11.25,7.93,16.6,5.624,450
2021-10-21T00:00:00.000Z,1.23,19.05,7.92,5.9,9.68,3.01,454
2021-10-22T00:00:00.000Z,0.6,19.73,6.35,3.83,10.43,4.257,455
2021-10-23T00:00:00.000Z,2.6,24.9,10.38,7.4,13.05,4.003,451
2021-10-24T00:00:00.000Z,2.38,15.18,5.85,4.8,7.3,2.027,447
2021-10-25T00:00:00.000Z,3.57,30.2,11.31,8.48,14.95,4.467,454
2021-10-26T00:00:00.000Z,1.73,34.6,10.64,6.2,20.7,8.378,454
2021-10-27T00:00:00.000Z,3.65,31.02,11.48,9.19,14.94,4.16,445
2021-10-28T00:00:00.000Z,3.63,19.75,11.57,8.73,13.9,3.313,436
2021-10-29T00:00:00.000Z,9.18,37.86,18.73,15.77,23.65,5.381,451
2021-10-30T00:00:00.000Z,14.4,42.65,25.73,22.17,30.42,5.839,452
2021-10-31T00:00:00.000Z,6.03,34.15,19.79,15.88,23,5.833,452
2021-11-01T00:00:00.000Z,3.15,27.27,10.6,7.78,17.17,5.697,430
2021-11-02T00:00:00.000Z,2.02,23.2,10.14,7.68,14.18,4.325,430
2021-11-03T00:00:00.000Z,7.57,133.02,16.13,12.38,22.65,10.72,447
2021-11-04T00:00:00.000Z,2.88,31.65,14.49,7.96,21.6,7.35,376
2021-11-05T00:00:00.000Z,0.87,15.18,5.09,3.35,6.97,2.668,450
2021-11-06T00:00:00.000Z,2.13,21.55,9.59,6.78,13.42,4.438,452
2021-11-07T00:00:00.000Z,1.25,18.93,7.1,5.18,9.5,3.295,446
2021-11-08T00:00:00.000Z,0.35,13.32,2.47,1.62,3.69,1.798,372
2021-11-09T00:00:00.000Z,1.05,24.77,6.48,3.95,15.38,6.256,446
2021-11-10T00:00:00.000Z,8.9,34.67,19.35,16.05,23.92,5.287,428
2021-11-11T00:00:00.000Z,0.63,38.97,7.4,3.89,15.84,8.98,429
2021-11-12T00:00:00.000Z,3.45,45.28,8.85,6.89,11.47,4.248,413
2021-11-13T00:00:00.000Z,9.15,84.97,44.65,34.35,55.75,17.61,452
2021-11-14T00:00:00.000Z,3.6,47.3,11.26,7.97,16.88,8.298,442
2021-11-15T00:00:00.000Z,5.55,28.5,15.8,11.49,20.58,5.425,440
2021-11-16T00:00:00.000Z,9.02,35.72,18.02,13.57,23.27,6.159,446
2021-11-17T00:00:00.000Z,4.22,30.45,11.52,8.8,14.55,4.994,335
2021-11-18T00:00:00.000Z,0.7,19.23,6.57,3.53,10.52,4.28,425
2021-11-19T00:00:00.000Z,1.58,31.83,13.48,9.73,17.13,5.355,416
2021-11-20T00:00:00.000Z,0.43,36.65,5.93,4.19,9.91,7.564,432
2021-11-21T00:00:00.000Z,0.2,24.47,3.35,1.67,6.53,3.537,450
2021-11-22T00:00:00.000Z,0.7,11.15,3.03,2.13,4.53,1.818,207
2021-11-24T00:00:00.000Z,5.09,18.13,9.85,7.68,12.48,3.029,71
2021-11-25T00:00:00.000Z,1.75,25.25,11.52,7.18,15.18,5.03,451
2021-11-26T00:00:00.000Z,1.7,15.83,6.21,4.65,8.4,2.664,450
2021-11-27T00:00:00.000Z,1.4,13.73,6.3,4.43,8.07,2.55,449
2021-11-28T00:00:00.000Z,1.3,12.13,4.47,3.65,5.67,1.778,443
2021-11-29T00:00:00.000Z,0.87,31.25,3.88,2.54,6.57,5.162,451
2021-11-30T00:00:00.000Z,0.55,27.25,5.65,3.8,11.73,6.222,447
2021-12-01T00:00:00.000Z,0.43,19.25,4.88,3.07,6.78,2.578,430
2021-12-02T00:00:00.000Z,0.15,15.47,5.25,3.8,6.85,2.493,439
2021-12-03T00:00:00.000Z,2.42,13.3,5.81,4.53,7.48,2.148,192
2021-12-04T00:00:00.000Z,2.13,22.92,8.84,6,11.63,4.034,430
2021-12-05T00:00:00.000Z,1.27,8.8,3.67,2.97,4.45,1.22,436
2021-12-06T00:00:00.000Z,0.93,9.02,2.97,2.31,3.96,1.303,448
2021-12-07T00:00:00.000Z,0.9,28.27,7.88,4.03,13.32,5.738,447
2021-12-08T00:00:00.000Z,19.67,57.93,35.4,31.25,42.2,6.977,435
2021-12-09T00:00:00.000Z,17.14,65.5,41.28,35.04,47.53,8.644,443
2021-12-10T00:00:00.000Z,11.32,54.17,29.49,21.12,36.9,9.551,440
2021-12-11T00:00:00.000Z,8.65,28.45,14.7,12.15,18.2,4.094,439
2021-12-12T00:00:00.000Z,3.2,52.03,14.45,10.09,19.47,8.845,433
2021-12-13T00:00:00.000Z,5.07,128.22,19.82,15.63,28.8,16.567,438
2021-12-14T00:00:00.000Z,2.4,19.57,9.15,6.63,12.48,3.752,443
2021-12-15T00:00:00.000Z,4.03,26.63,13.07,10.43,15.8,4.07,443
2021-12-16T00:00:00.000Z,3.25,37.2,21.8,16.92,25.38,7.404,439
2021-12-17T00:00:00.000Z,6.53,36.63,16.8,12.95,22.23,6.26,442
2021-12-18T00:00:00.000Z,1.25,25.57,8.65,4.8,15.1,6.027,444
2021-12-19T00:00:00.000Z,0.85,26.37,8.88,4.88,13.1,5.145,437
2021-12-20T00:00:00.000Z,2.04,24.65,6.9,5.15,10.27,4.315,426
2021-12-21T00:00:00.000Z,0.9,20.14,5.03,3.1,8.55,4.245,446
2021-12-22T00:00:00.000Z,8.9,38.57,22.24,18.1,25.17,5.745,444
2021-12-23T00:00:00.000Z,12.85,43.42,27.05,22.67,31.63,6.41,427
2021-12-24T00:00:00.000Z,0.28,117.15,4.29,2.24,15.14,10.386,432
2021-12-25T00:00:00.000Z,0.56,48.47,6.3,2.65,9.4,5.351,428
2021-12-26T00:00:00.000Z,1.7,103.1,8.39,5.82,18.42,15.967,434
2021-12-27T00:00:00.000Z,0.55,53.1,8.77,4.4,18.32,12.127,418
2021-12-28T00:00:00.000Z,39.67,106.93,72.13,62.63,82.33,14.348,436
2021-12-29T00:00:00.000Z,53.28,193.98,74.26,67.15,96.85,25.155,446
2021-12-30T00:00:00.000Z,5.2,62.55,21.03,11.78,30.08,10.92,444
2021-12-31T00:00:00.000Z,0.22,525.29,5.57,2.4,13.23,41.208,439
2022-01-01T00:00:00.000Z,4.9,325.3,16.17,10.56,42.48,63.712,457
2022-01-02T00:00:00.000Z,1.42,37,13.33,5.4,21.83,9.241,450
2022-01-03T00:00:00.000Z,4.59,37.17,18.18,12.05,24.14,7.369,444
2022-01-04T00:00:00.000Z,2.1,34.15,6.97,5.28,9.59,4.809,404
2022-01-05T00:00:00.000Z,1.05,18.7,7.14,5.07,9.84,3.495,448
2022-01-06T00:00:00.000Z,1.5,18.52,6.85,4.55,9.82,3.562,442
2022-01-07T00:00:00.000Z,5.82,39.33,23.7,15.46,28.25,7.945,453
2022-01-08T00:00:00.000Z,2.63,33.42,13.2,10.18,17.78,5.486,433
2022-01-09T00:00:00.000Z,9.1,1999.9,16.67,13.42,24.88,184.591,444
2022-01-10T00:00:00.000Z,9.3,75.15,32.52,19.8,45.17,13.646,434
2022-01-11T00:00:00.000Z,10.43,67.31,44.25,33.97,51.05,13.813,446
2022-01-12T00:00:00.000Z,6.3,54.6,17.17,12.53,26.63,8.879,452
2022-01-13T00:00:00.000Z,4.53,24.08,11.27,8.82,14.88,3.975,445
2022-01-14T00:00:00.000Z,5.57,45.85,20.23,14.82,24.25,6.391,430
2022-01-15T00:00:00.000Z,11.27,40.95,21.65,18.46,25.1,4.569,449
2022-01-16T00:00:00.000Z,6.8,46.35,25.48,18.1,33.15,8.866,449
2022-01-17T00:00:00.000Z,4.65,29.08,12.23,10.23,14.57,3.664,454
2022-01-18T00:00:00.000Z,1.14,39.27,12.53,9.3,15.77,5.695,447
2022-01-19T00:00:00.000Z,7.15,52.65,32.22,21.1,38.83,10.757,451
2022-01-20T00:00:00.000Z,1.83,19.3,8.02,6.05,10.38,3.068,455
2022-01-21T00:00:00.000Z,2.52,18.89,8.44,6.28,10.57,3.079,435
2022-01-22T00:00:00.000Z,1.85,25.8,6.5,4.57,11.15,5.765,447
2022-01-23T00:00:00.000Z,2.02,23.5,6.07,4.4,10.37,4.321,445
2022-01-24T00:00:00.000Z,2,23.13,7.84,5.87,11.42,4.398,448
2022-01-25T00:00:00.000Z,3.05,24.88,8.69,6.37,12.43,4.468,452
2022-01-26T00:00:00.000Z,2.72,32.22,16.52,11.48,20.26,5.912,437
2022-01-27T00:00:00.000Z,3.85,38.4,15.13,10.25,18.39,5.723,451
2022-01-28T00:00:00.000Z,0.8,24.45,10.59,5.82,14.35,5.17,454
2022-01-29T00:00:00.000Z,1.25,46.83,15.63,10.23,24.54,9.776,461
2022-01-30T00:00:00.000Z,6.43,45.1,14.89,11.95,21.2,7.711,454
2022-01-31T00:00:00.000Z,4.63,31.1,15.54,11.15,18.8,5.21,454
2022-02-01T00:00:00.000Z,1.12,39.33,10.97,7.6,20.7,8.715,422
2022-02-02T00:00:00.000Z,0.7,38.95,10.16,4.22,17.52,8.446,358
2022-02-03T00:00:00.000Z,2.2,46.15,21.8,13.7,29.02,10.504,419
2022-02-04T00:00:00.000Z,0.2,48.7,19.86,8,28.44,12.429,440
2022-02-05T00:00:00.000Z,3.4,27.02,12.74,9.43,15.92,4.706,444
2022-02-06T00:00:00.000Z,0.8,16.05,4.93,3.22,6.8,2.738,446
2022-02-07T00:00:00.000Z,3.3,36.97,18.89,12.84,23.38,7.167,449
2022-02-08T00:00:00.000Z,2.6,32,13.13,8.44,18.98,6.676,442
2022-02-09T00:00:00.000Z,0.75,23.85,10.39,5.09,13.84,5.318,432
2022-02-10T00:00:00.000Z,3.97,26.63,12.27,10.1,15.35,3.855,426
2022-02-11T00:00:00.000Z,2.7,21.5,9.35,6.88,11.7,3.542,439
2022-02-12T00:00:00.000Z,4.13,21.35,10.63,8.69,13.05,2.852,449
2022-02-13T00:00:00.000Z,4.53,18.1,9.27,7.88,10.77,2.206,455
2022-02-14T00:00:00.000Z,3,19.5,9.05,6.88,11.2,2.879,453
2022-02-15T00:00:00.000Z,2.29,34.45,10.77,7.12,14.84,5.34,452
2022-02-16T00:00:00.000Z,1.33,41.7,13.93,9.52,19.77,8.721,451
2022-02-17T00:00:00.000Z,0.98,36.88,7.45,5.13,11.23,6.134,450
2022-02-18T00:00:00.000Z,0.3,28.27,14.77,10.05,18.63,6.135,443
2022-02-19T00:00:00.000Z,2.38,21.77,8.48,5.88,11.96,3.834,440
2022-02-20T00:00:00.000Z,0.53,26.25,7.25,4.38,10.07,4.296,447
2022-02-21T00:00:00.000Z,0.65,31.13,10.63,6.95,14.88,5.891,445
2022-02-22T00:00:00.000Z,0.55,65.53,8.73,5.95,15.98,7.976,458
2022-02-23T00:00:00.000Z,5.13,36.42,15.4,11.27,20.38,6.395,446
2022-02-24T00:00:00.000Z,0.17,19.14,8.63,6.75,10.77,3.814,447
2022-02-25T00:00:00.000Z,1.93,32.4,8.4,6.13,13.37,5.746,441
2022-02-26T00:00:00.000Z,1.17,18.39,4.93,3.08,8.15,3.554,446
2022-02-27T00:00:00.000Z,1.5,16.14,5.99,4.13,7.75,2.49,450
2022-02-28T00:00:00.000Z,2.54,23.55,11.75,9.15,15.06,4.494,456
2022-03-01T00:00:00.000Z,10.25,33.25,17.52,15.31,21.2,4.458,448
2022-03-02T00:00:00.000Z,8.3,118.85,22.25,17.55,29.99,15.011,421
2022-03-03T00:00:00.000Z,1.08,164.95,8.34,5.43,11.94,20.19,388
2022-03-04T00:00:00.000Z,1.83,13.23,5.43,3.75,7.07,2.275,380
2022-03-05T00:00:00.000Z,0.68,10.52,3.97,2.83,5.63,2.003,339
2022-03-06T00:00:00.000Z,3.38,20.7,7.72,6.3,9.47,2.82,345
2022-03-07T00:00:00.000Z,0.56,28.38,5.54,3.72,8.93,4.911,314
2022-03-08T00:00:00.000Z,2.92,145.55,12.68,8.94,21.74,15.78,353
2022-03-09T00:00:00.000Z,7.28,126.18,22.35,15.82,31.52,16.335,375
2022-03-10T00:00:00.000Z,2,37.04,12.16,8.3,16.5,8.066,340
2022-03-11T00:00:00.000Z,7.45,25.87,15.38,13.3,17.39,3.14,431
2022-03-12T00:00:00.000Z,9.38,29.58,16.89,14.69,19.64,3.554,332
2022-03-13T00:00:00.000Z,11.75,36.6,21.33,18.42,23.77,3.892,442
2022-03-14T00:00:00.000Z,14.43,47.85,35.95,30.25,39.84,7.519,448
2022-03-15T00:00:00.000Z,9.38,73.9,26.91,15.52,44.95,16.201,442
2022-03-16T00:00:00.000Z,9.8,155.43,35.08,21.12,51.43,26.504,448
2022-03-17T00:00:00.000Z,8.35,164.33,58.75,21.3,82.55,31.364,450
2022-03-18T00:00:00.000Z,6.55,50.9,14.32,11.63,17.25,6.449,426
2022-03-19T00:00:00.000Z,0.9,29.1,7.7,4.07,13.43,5.798,434
2022-03-20T00:00:00.000Z,7.9,29.83,17.77,13.07,20.75,4.619,443
2022-03-21T00:00:00.000Z,15.55,40.17,24.25,22.17,27.2,3.795,427
2022-03-22T00:00:00.000Z,14.57,53.47,27.88,20.09,34.4,8.207,437
2022-03-23T00:00:00.000Z,25.35,54.95,39.03,34.22,43.5,6.599,154
2022-03-24T00:00:00.000Z,16.27,65.18,35.08,27.75,39.28,7.751,435
2022-03-25T00:00:00.000Z,3.55,64.03,17.35,8.55,34.38,14.981,438
2022-03-26T00:00:00.000Z,1.05,28.05,6.45,4.72,9.06,6.291,437
2022-03-27T00:00:00.000Z,1.12,16.42,6.35,4.18,8.15,2.695,424
2022-03-28T00:00:00.000Z,4.65,35.9,12.99,10.68,20.29,6.276,440
2022-03-29T00:00:00.000Z,2.08,37.4,8.18,5.2,17.07,7.766,445
2022-03-30T00:00:00.000Z,0.77,12.3,3.46,2.45,4.8,1.91,434
2022-03-31T00:00:00.000Z,0.3,18.77,3.2,1.77,5.35,2.684,439
2022-04-01T00:00:00.000Z,0.85,13.98,3.22,2.25,4.63,2.24,439
2022-04-02T00:00:00.000Z,0.43,10.43,3.1,2.08,4.34,1.804,431
2022-04-03T00:00:00.000Z,0.75,13.43,3.99,2.95,5.28,2.009,448
2022-04-04T00:00:00.000Z,1.63,27.52,8.86,6.25,14.82,5.807,434
2022-04-05T00:00:00.000Z,0.35,22.45,5.5,4.13,7.13,2.693,447
2022-04-06T00:00:00.000Z,0,26,8.66,4.92,13.72,5.682,452
2022-04-07T00:00:00.000Z,1.35,18.48,5.5,4.07,7.7,2.916,451
2022-04-08T00:00:00.000Z,1.4,17.13,5.35,3.83,7.35,2.694,445
2022-04-09T00:00:00.000Z,3.15,22.1,9.6,7.47,12.23,3.616,443
2022-04-10T00:00:00.000Z,2.1,26,9.55,6.35,13.43,5.074,451
2022-04-11T00:00:00.000Z,2.5,22.58,8.27,6.37,10.6,3.238,445
2022-04-12T00:00:00.000Z,2.25,19.25,9.07,6.7,11.4,3.322,451
2022-04-13T00:00:00.000Z,5.57,41.58,17.54,14.27,21.63,7.634,458
2022-04-14T00:00:00.000Z,4.34,49.13,14.93,10.18,23,11.366,451
2022-04-15T00:00:00.000Z,2.02,41.58,5.75,4.4,12.74,8.73,321
2022-04-18T00:00:00.000Z,5.7,12.8,8.48,7.49,9.59,1.699,41
2022-04-19T00:00:00.000Z,0.95,16,4.45,2.66,7.1,3.251,457
2022-04-20T00:00:00.000Z,0.73,12.93,3.9,2.7,5.35,2.029,453
2022-04-21T00:00:00.000Z,0.7,13.73,4.5,3.39,5.99,1.886,449
2022-04-22T00:00:00.000Z,0.68,12.02,3.22,2.17,4.47,1.888,454
2022-04-23T00:00:00.000Z,2,13.45,4.4,3.55,5.6,1.694,455
2022-04-24T00:00:00.000Z,1.45,12.77,3.94,2.97,5.43,2.015,450
2022-04-25T00:00:00.000Z,0.95,12.73,3.58,2.4,5.6,2.253,443
2022-04-26T00:00:00.000Z,1.45,56.08,5.07,3.47,7.47,4.453,446
2022-04-27T00:00:00.000Z,2.57,57.35,10,7.12,13.92,7.196,457
2022-04-28T00:00:00.000Z,1.48,23.07,7.05,4.88,10.96,4.947,453
2022-04-29T00:00:00.000Z,1.6,19,7.03,4.84,9.27,2.962,461
2022-04-30T00:00:00.000Z,3.2,22.17,7.8,5.83,11.2,4.1,457
2022-05-01T00:00:00.000Z,1.12,25.2,5.96,4.05,10.7,5.381,436
2022-05-02T00:00:00.000Z,0.65,13.07,4.05,2.35,6.93,2.774,430
2022-05-03T00:00:00.000Z,4.13,17.17,8.57,7.39,10.44,2.308,449
2022-05-04T00:00:00.000Z,4.09,29.33,11.88,8.8,17.01,5.175,453
2022-05-05T00:00:00.000Z,1.4,24.9,6.87,5.05,11.88,5.114,455
2022-05-06T00:00:00.000Z,0.8,27.95,6,3.53,17,7.436,452
2022-05-07T00:00:00.000Z,1.57,26.93,8.5,5.65,13.2,4.776,456
2022-05-08T00:00:00.000Z,1,22.87,7.15,3.5,10.98,4.43,452
2022-05-09T00:00:00.000Z,1.7,18.85,4.7,3.75,6.55,2.991,452
2022-05-10T00:00:00.000Z,2.58,23.95,7.6,6.18,9.47,2.635,437
2022-05-11T00:00:00.000Z,2.9,21.05,9.23,6.53,12.68,3.971,431
2022-05-12T00:00:00.000Z,0.83,12.8,4.59,3.35,5.97,2.064,438
2022-05-13T00:00:00.000Z,1,23.77,6.92,5.03,9.23,3.598,446
2022-05-14T00:00:00.000Z,1.12,24.2,5.9,3.53,12.99,5.611,449
2022-05-15T00:00:00.000Z,1.8,15.3,7.07,5.77,8.63,2.161,452
2022-05-16T00:00:00.000Z,1.38,15.73,4.84,3.65,6.84,2.499,441
2022-05-17T00:00:00.000Z,0.5,14.32,3.33,2.2,5.8,2.542,450
2022-05-18T00:00:00.000Z,1.4,10.88,4.4,3.55,5.5,1.535,445
2022-05-19T00:00:00.000Z,2.5,34.65,9.27,6.65,15.18,6.933,442
2022-05-20T00:00:00.000Z,1.8,32.95,5.5,3.92,11.02,8.267,446
2022-05-21T00:00:00.000Z,0.45,11.68,3,2.25,4.05,1.631,449
2022-05-22T00:00:00.000Z,0.82,11.27,3.49,2.35,4.65,1.651,450
2022-05-23T00:00:00.000Z,1.42,15,4.88,3.8,6.29,2.045,445
2022-05-24T00:00:00.000Z,1.5,21.02,5.42,3.79,7.7,3.226,436
2022-05-25T00:00:00.000Z,0.6,10.38,3.24,2.04,4.95,2.025,442
2022-05-26T00:00:00.000Z,1.92,36.03,5.6,4.38,7.19,2.561,445
2022-05-27T00:00:00.000Z,0.55,13.48,4.38,2.9,6.19,2.253,440
2022-05-28T00:00:00.000Z,0.52,20.32,4.34,2.08,7.32,3.379,451
2022-05-29T00:00:00.000Z,1.33,22.85,6.65,3.8,11.25,4.662,431
2022-05-30T00:00:00.000Z,1.23,16.82,5.8,4.25,7.46,2.235,436
2022-05-31T00:00:00.000Z,0.73,9.88,2.83,2,4.22,1.677,441
2022-06-01T00:00:00.000Z,0.95,14.27,4.09,2.54,5.55,2.205,446
2022-06-02T00:00:00.000Z,1.85,17.2,5.3,3.92,7.03,2.212,371
2022-06-03T00:00:00.000Z,3.4,15.02,6.38,5.32,7.88,1.951,386
2022-06-04T00:00:00.000Z,2.29,16.92,5.2,3.58,7.32,2.431,405
2022-06-05T00:00:00.000Z,1.02,12.18,4.54,3.21,6.29,2.221,428
2022-06-06T00:00:00.000Z,1.77,22.83,7.68,4.13,9.85,4.533,400
2022-06-07T00:00:00.000Z,0.25,9.19,3.26,1.95,4.76,1.809,436
2022-06-08T00:00:00.000Z,1.92,15.8,5.25,4,7.1,2.298,427
2022-06-09T00:00:00.000Z,0.32,14.4,5.53,3.4,8.03,3.169,421
2022-06-10T00:00:00.000Z,1.7,16.82,4.5,3.47,5.82,1.695,426
2022-06-11T00:00:00.000Z,2.4,18.45,6.7,5.32,8.55,2.504,387
2022-06-12T00:00:00.000Z,2.4,16.75,5.97,4.8,7.47,2.393,396
2022-06-13T00:00:00.000Z,1.58,15.15,5.57,3.88,7.78,2.618,402
2022-06-14T00:00:00.000Z,1.02,13.65,5.07,3.08,6.82,2.408,383
2022-06-15T00:00:00.000Z,0.68,14.55,3.73,2.5,5.05,2.013,400
2022-06-16T00:00:00.000Z,0.52,10.45,3.65,2.83,4.63,1.559,391
2022-06-17T00:00:00.000Z,0.8,12.88,4.63,3.26,5.96,2.051,349
2022-06-18T00:00:00.000Z,1.1,13.52,5.03,3.72,6.53,2.16,391
2022-06-19T00:00:00.000Z,0.82,15.02,4.36,3.13,6.2,2.236,386
2022-06-20T00:00:00.000Z,0.95,17.35,4.05,2.88,5.5,2.207,407
2022-06-21T00:00:00.000Z,1.75,14.68,4.9,3.95,6.38,2.146,427
2022-06-22T00:00:00.000Z,0.2,15.45,3.35,1.52,6.29,3.085,416
2022-06-23T00:00:00.000Z,2.08,37.97,5.28,4.18,6.67,3.821,413
2022-06-24T00:00:00.000Z,1.25,15.27,5.32,4.09,6.53,2.025,418
2022-06-25T00:00:00.000Z,3.2,21.8,6.1,5.07,7.95,3.497,435
2022-06-26T00:00:00.000Z,3.8,20.7,9.35,6.8,13.35,3.908,435
2022-06-27T00:00:00.000Z,1.77,24,7.8,6.28,10.07,4.618,446
2022-06-28T00:00:00.000Z,1.17,12.73,3.67,2.95,4.8,1.706,436
2022-06-29T00:00:00.000Z,1.02,10.5,3.67,2.63,4.83,1.635,447
2022-06-30T00:00:00.000Z,0.77,10.55,3.03,2.27,4.13,1.417,444
2022-07-01T00:00:00.000Z,0.47,20.1,5.5,3.7,7.15,3.119,449
2022-07-02T00:00:00.000Z,0.68,13.93,3.2,2.36,4.48,2.044,452
2022-07-03T00:00:00.000Z,1.08,14.6,5.47,4.18,6.65,2.033,447
2022-07-04T00:00:00.000Z,0.52,10.63,2.56,1.75,3.72,1.643,426
2022-07-05T00:00:00.000Z,0.5,13.3,2.9,2.02,3.97,1.792,433
2022-07-06T00:00:00.000Z,0.37,16.85,4.05,2.78,5.43,2.263,443
2022-07-07T00:00:00.000Z,0.15,11.48,1.87,1.08,2.88,1.46,298
2022-07-08T00:00:00.000Z,0.53,19.03,5.6,3.33,8.43,3.602,442
2022-07-09T00:00:00.000Z,1.08,17.8,4.03,3.17,5.52,2.234,453
2022-07-10T00:00:00.000Z,0.03,17.07,2.33,1,6.55,3.958,448
2022-07-11T00:00:00.000Z,0.1,19.57,1.75,1.08,4.18,2.686,435
2022-07-12T00:00:00.000Z,0.25,15.03,2.67,1.54,3.88,2.013,449
2022-07-13T00:00:00.000Z,1.3,14.93,4.34,3.09,5.8,2.047,409
2022-07-14T00:00:00.000Z,0.77,19.98,3.72,2.59,5.33,2.286,445
2022-07-15T00:00:00.000Z,0.6,16.8,4.43,2.67,6.97,3.018,423
2022-07-16T00:00:00.000Z,0.77,10.85,3.2,2.25,4.57,1.684,447
2022-07-17T00:00:00.000Z,1.73,11.9,4.07,3.2,5.13,1.649,451
2022-07-18T00:00:00.000Z,1.92,15.35,5.63,4.5,6.85,1.935,445
2022-07-19T00:00:00.000Z,3.58,15.9,6.55,5.53,7.78,1.844,428
2022-07-20T00:00:00.000Z,3.38,22.92,7.4,6.03,8.85,2.211,442
2022-07-21T00:00:00.000Z,4.7,25.17,9.83,8.32,12.23,3.495,439
2022-07-22T00:00:00.000Z,2.47,19.77,7.1,5.43,9.02,2.728,447
2022-07-23T00:00:00.000Z,0.05,16.27,2.33,1.17,4.9,2.687,455
2022-07-24T00:00:00.000Z,1.27,21.58,5.04,3.59,6.81,2.926,444
2022-07-25T00:00:00.000Z,2.2,101.95,5.21,4.03,7.53,6.588,454
2022-07-26T00:00:00.000Z,0.88,20.98,4.09,2.74,6.21,2.675,449
2022-07-27T00:00:00.000Z,1.38,12.45,4.68,3.53,6.2,1.975,447
2022-07-28T00:00:00.000Z,1.4,15.63,4.4,3.38,5.63,1.85,447
2022-07-29T00:00:00.000Z,1.67,11.68,4.8,3.9,5.93,1.665,446
2022-07-30T00:00:00.000Z,0.77,13.03,2.54,1.9,3.58,1.6,436
2022-07-31T00:00:00.000Z,0.8,31.48,2.84,1.95,4.32,3.233,442
2022-08-01T00:00:00.000Z,1.63,17.8,5.78,4.34,7.82,2.713,404
2022-08-02T00:00:00.000Z,1.35,16.13,4.65,3.66,6.12,2.091,425
2022-08-03T00:00:00.000Z,1.5,74.25,5.07,3.97,6.5,4.451,434
2022-08-04T00:00:00.000Z,1.88,15.2,6.85,5.47,8.27,2.178,423
2022-08-05T00:00:00.000Z,0.47,91.57,4.5,2.85,6.93,6.982,426
2022-08-06T00:00:00.000Z,0.52,10.3,3,2.2,4.22,1.626,420
2022-08-07T00:00:00.000Z,2.54,14.02,5.22,4.2,6.57,1.808,415
2022-08-08T00:00:00.000Z,1.83,22.13,6.18,4.69,7.57,2.317,413
2022-08-09T00:00:00.000Z,0.5,27.45,6.07,4.28,7.9,3.176,434
2022-08-10T00:00:00.000Z,0.85,13.93,3.58,2.7,4.8,1.973,433
2022-08-11T00:00:00.000Z,0.85,11.82,3.78,2.67,4.88,1.827,407
2022-08-12T00:00:00.000Z,0.6,24.33,4.45,2.13,7.2,3.231,435
2022-08-13T00:00:00.000Z,1.27,22.45,4.95,3.37,7.1,2.633,433
2022-08-14T00:00:00.000Z,2.22,17.63,5.95,4.28,8.43,2.728,438
2022-08-15T00:00:00.000Z,2.72,21.05,11.18,7.45,12.77,3.486,429
2022-08-16T00:00:00.000Z,3.6,23.2,9.43,7.43,11.32,3.053,434
2022-08-17T00:00:00.000Z,6.68,29.83,11.98,10.05,14.18,4.342,415
2022-08-18T00:00:00.000Z,5.15,47.63,12.18,9.1,16.35,5.954,432
2022-08-19T00:00:00.000Z,6.25,149.5,18.05,14.82,27.83,16.694,450
2022-08-20T00:00:00.000Z,1.83,52.08,5.97,4.29,9.38,5.735,436
2022-08-21T00:00:00.000Z,1.48,14.23,4.4,3.45,5.7,1.829,443
2022-08-22T00:00:00.000Z,1.55,14.57,4.32,3.42,5.47,1.785,415
2022-08-23T00:00:00.000Z,1.14,15.1,3.95,3.08,5.19,1.753,448
2022-08-24T00:00:00.000Z,1.17,14.75,3.66,2.75,4.7,1.669,434
2022-08-25T00:00:00.000Z,1.35,12.85,4.13,3.22,5.38,1.654,419
2022-08-26T00:00:00.000Z,3.6,37.63,9.85,7.75,11.93,3.339,435
2022-08-27T00:00:00.000Z,1.14,30.25,5.28,4,8.77,3.973,451
2022-08-28T00:00:00.000Z,0.82,16.35,5.05,3.58,7.53,2.799,448
2022-08-29T00:00:00.000Z,0.17,9.3,1.66,1.02,2.33,1.383,450
2022-08-30T00:00:00.000Z,0.08,7.15,1.27,0.68,2,1.16,447
2022-08-31T00:00:00.000Z,0.3,9.65,1.47,1,2.37,1.358,446
2022-09-01T00:00:00.000Z,0.2,7.55,1.77,1.12,2.69,1.218,445
2022-09-02T00:00:00.000Z,0.43,9.27,1.92,1.35,2.83,1.355,435
2022-09-03T00:00:00.000Z,0.4,11.5,1.89,1.35,2.6,1.161,430
2022-09-04T00:00:00.000Z,0.5,6.47,1.73,1.3,2.38,0.975,380
2022-09-05T00:00:00.000Z,0.2,6.85,1.7,1.21,2.41,1.065,397
2022-09-06T00:00:00.000Z,0.17,6.5,1.3,0.93,2.04,0.995,444
2022-09-07T00:00:00.000Z,0.5,9,2.83,2.06,4.18,1.581,439
2022-09-08T00:00:00.000Z,1.27,16.63,4.09,2.95,6.2,2.958,415
2022-09-09T00:00:00.000Z,2.65,15.6,6.65,4.76,8.32,2.356,445
2022-09-10T00:00:00.000Z,0.68,11,2.7,1.95,3.99,1.835,441
2022-09-11T00:00:00.000Z,0.1,16.23,1.69,1,2.47,1.517,448
2022-09-12T00:00:00.000Z,0.7,13,3.6,2.63,4.63,1.536,410
2022-09-13T00:00:00.000Z,0.8,11.45,4.9,3.5,6.35,2.116,438
2022-09-14T00:00:00.000Z,0.52,14.18,3.4,2.42,4.63,1.901,446
2022-09-15T00:00:00.000Z,1.1,20.17,5.82,4.07,7.7,2.743,450
2022-09-16T00:00:00.000Z,0.43,14.8,3.57,2.42,6.02,2.533,444
2022-09-17T00:00:00.000Z,0.08,15.32,2.72,1.48,4.65,2.454,448
2022-09-18T00:00:00.000Z,0,14.7,2.52,1.25,5.3,3.213,446
2022-09-19T00:00:00.000Z,0.1,8.32,2,1.33,2.88,1.366,441
2022-09-20T00:00:00.000Z,0,11.23,1.37,0.72,2.35,1.494,424
2022-09-21T00:00:00.000Z,0.1,37.45,2.8,1.35,5.35,3.471,443
2022-09-22T00:00:00.000Z,0.1,14.75,3.17,1.85,4.43,2.044,445
2022-09-23T00:00:00.000Z,0.85,25.42,3,2.21,3.91,2.067,432
2022-09-24T00:00:00.000Z,2.35,21.73,5.01,4.03,7.35,3.199,446
2022-09-25T00:00:00.000Z,2.13,23.98,8.8,6.07,13.65,5.005,447
2022-09-26T00:00:00.000Z,1,9.77,3.53,2.75,4.45,1.35,421
2022-09-27T00:00:00.000Z,0.56,11.13,3.03,2.24,4.3,1.603,441
2022-09-28T00:00:00.000Z,0.47,18.14,3.42,2.27,4.74,2.039,445
2022-09-29T00:00:00.000Z,0.38,12.82,2,1.27,3.08,1.415,436
2022-09-30T00:00:00.000Z,0.8,9.48,3.47,2.7,4.55,1.563,439
2022-10-01T00:00:00.000Z,1.55,17.39,5.38,3.5,7.28,2.788,445
2022-10-02T00:00:00.000Z,0.9,18.89,8,6.52,10.39,3.154,389
2022-10-03T00:00:00.000Z,3.38,20.92,9.46,7.65,11.5,3.02,370
2022-10-04T00:00:00.000Z,4.18,21.17,8.97,7.2,11.1,2.882,402
2022-10-05T00:00:00.000Z,2.9,22.9,7.74,5.63,10.01,3.046,412
2022-10-06T00:00:00.000Z,0.95,20,8.93,6.1,11.23,3.761,404
2022-10-07T00:00:00.000Z,3.8,17.77,9.13,7.6,11.1,2.483,387
2022-10-08T00:00:00.000Z,0.77,14.9,4.55,3.25,6.75,2.527,452
2022-10-09T00:00:00.000Z,1.9,14.07,5.89,4.79,7.31,2.102,456
2022-10-10T00:00:00.000Z,1.88,17.5,6.68,5.57,8.25,2.234,450
2022-10-11T00:00:00.000Z,2.2,23.05,8.88,6.78,11.38,3.505,451
2022-10-12T00:00:00.000Z,1.92,18.39,7.62,5.57,9.55,2.856,442
2022-10-13T00:00:00.000Z,4.68,32.53,11.84,8.68,15.44,5.15,436
2022-10-14T00:00:00.000Z,2.97,40.97,19.45,8.11,28.21,10.234,432
2022-10-15T00:00:00.000Z,4.18,22.67,13.48,10.48,16.07,3.946,439
2022-10-16T00:00:00.000Z,2.2,19.35,8.93,7.07,11.5,3.329,351
2022-10-17T00:00:00.000Z,3.72,21.05,8.68,7.18,10.25,2.547,443
2022-10-18T00:00:00.000Z,2.37,20.37,9.38,6.59,11.93,3.584,316
2022-10-21T00:00:00.000Z,6.53,30.88,16.88,14.2,19.32,4.035,442
2022-10-22T00:00:00.000Z,9.44,60.72,22,18.14,29.88,9.214,447
2022-10-23T00:00:00.000Z,3.72,24.88,9.63,7.78,12.41,3.582,441
2022-10-24T00:00:00.000Z,1.77,28.55,7.2,5.15,12.95,6.325,447
2022-10-25T00:00:00.000Z,3.45,20.39,8.13,6.5,10.05,2.463,443
2022-10-26T00:00:00.000Z,5.38,32.7,12.18,9.99,16.07,4.609,453
2022-10-27T00:00:00.000Z,6.15,27.13,12.95,10.59,15.45,3.54,449
2022-10-28T00:00:00.000Z,5.45,26.92,11.93,10.09,13.95,3.501,445
2022-10-29T00:00:00.000Z,1.35,23.67,8.19,5.7,10.95,3.903,451
2022-10-30T00:00:00.000Z,0.95,205.35,12.93,5.11,29.62,27.662,452
2022-10-31T00:00:00.000Z,3.05,36.58,12.73,7.1,21.88,8.573,454
2022-11-01T00:00:00.000Z,4.26,56.8,15.22,10.35,20.2,10.982,446
2022-11-02T00:00:00.000Z,1.25,19.07,7.83,6,9.63,2.897,438
2022-11-03T00:00:00.000Z,4.57,24.25,8.9,7.5,10.44,2.324,444
2022-11-04T00:00:00.000Z,1.63,24.6,10.59,6.93,14.45,5.031,442
2022-11-05T00:00:00.000Z,1.67,20.48,7.29,5.22,9.3,3.317,424
2022-11-06T00:00:00.000Z,2.52,19.88,8.09,6.3,9.93,2.821,432
2022-11-07T00:00:00.000Z,2.52,22.05,7.72,6.13,10.15,2.946,450
2022-11-08T00:00:00.000Z,3.08,21.05,7.78,5.93,9.97,3.147,453
2022-11-09T00:00:00.000Z,1.35,12.35,5.2,4.13,6.67,1.914,449
2022-11-10T00:00:00.000Z,1.23,24.48,9.18,6.72,11.42,3.878,449
2022-11-11T00:00:00.000Z,6.75,25.48,12.6,10.73,14.75,3.098,443
2022-11-12T00:00:00.000Z,6.9,29.6,16.3,13.51,19.19,4.077,449
2022-11-13T00:00:00.000Z,0.27,19.73,3.22,1.85,8.5,3.878,454
2022-11-14T00:00:00.000Z,0.68,45.95,11.35,5.93,18.75,11.147,439
2022-11-15T00:00:00.000Z,1.25,63.75,37.33,16.75,43.56,16.259,437
2022-11-16T00:00:00.000Z,0.65,11.73,3.22,2.38,4.45,1.597,443
2022-11-17T00:00:00.000Z,1.17,13.93,4.07,3.15,5.38,1.812,447
2022-11-18T00:00:00.000Z,0.52,14.2,2.7,1.88,3.67,1.496,430
2022-11-19T00:00:00.000Z,0.85,11.77,2.58,2,3.38,1.182,442
2022-11-20T00:00:00.000Z,1.4,37.79,3.88,2.8,8.69,5.676,444
2022-11-21T00:00:00.000Z,1.2,36.17,5.93,3.25,11.52,6.683,441
2022-11-22T00:00:00.000Z,4.13,83.75,12.15,8.55,30.58,18.391,442
2022-11-23T00:00:00.000Z,23.8,60.38,45.76,40.42,50.43,6.96,442
2022-11-24T00:00:00.000Z,11.6,53.17,34.04,28.08,38.58,8.62,448
2022-11-25T00:00:00.000Z,5.68,32.92,16.02,13.13,20.75,5.185,442
2022-11-26T00:00:00.000Z,4.05,25.58,12.43,9.77,15,3.997,439
2022-11-27T00:00:00.000Z,4.63,38.2,11.27,8.91,15.73,5.254,449
2022-11-28T00:00:00.000Z,6.2,24.83,12.55,10.15,16.57,4.073,438
2022-11-29T00:00:00.000Z,4.15,39.25,21.92,16.57,27.79,7.489,428
2022-11-30T00:00:00.000Z,11.4,39.47,24.3,19.05,28.2,5.974,443
2022-12-01T00:00:00.000Z,7.95,38.03,22.8,13.31,28.05,7.607,416
2022-12-02T00:00:00.000Z,3.53,14,6.93,5.94,8.02,1.614,456
2022-12-03T00:00:00.000Z,4.47,16.14,7.65,6.73,8.69,1.635,451
2022-12-04T00:00:00.000Z,4.3,19.73,8.25,6.28,10.16,2.517,453
2022-12-05T00:00:00.000Z,0.38,20.6,3.9,2.08,5.28,2.668,445
2022-12-06T00:00:00.000Z,2.2,13.18,5.13,4.13,6.94,1.977,448
2022-12-07T00:00:00.000Z,0.25,22.88,7.88,6.22,9.98,3.312,447
2022-12-08T00:00:00.000Z,0.98,30.25,9.35,6.54,14.33,6.101,453
2022-12-09T00:00:00.000Z,5.07,31.1,14.27,9.99,20.29,5.947,444
2022-12-10T00:00:00.000Z,13.6,42.13,21.37,18.93,26.22,5.296,453
2022-12-11T00:00:00.000Z,5.35,41.28,12.93,10.48,15.94,4.96,452
2022-12-12T00:00:00.000Z,2.6,15.87,6.76,5.3,8.25,2.078,450
2022-12-13T00:00:00.000Z,2,39.85,6.67,4.05,16.98,10.682,439
2022-12-14T00:00:00.000Z,9.1,38.4,18,14.75,22.5,5.967,446
2022-12-15T00:00:00.000Z,1.27,57.37,13.16,6.16,19.64,9.745,440
2022-12-16T00:00:00.000Z,5,66.15,10.69,8.19,22.6,10.208,422
2022-12-17T00:00:00.000Z,7.47,53.2,28.83,18.7,39.08,11.809,437
2022-12-18T00:00:00.000Z,6.97,37.33,14.69,12.43,21.12,6.244,444
2022-12-19T00:00:00.000Z,5.05,39.97,25.6,17.22,28.2,7.604,444
2022-12-20T00:00:00.000Z,7.93,36.79,15.9,13.27,19.57,5.094,443
2022-12-21T00:00:00.000Z,5.73,57.15,16.39,13.13,20.58,8.998,439
2022-12-22T00:00:00.000Z,9.69,54.15,22.38,16.66,35.32,11.179,444
2022-12-23T00:00:00.000Z,1.5,34.63,7.27,4.78,11.15,6.333,331
2022-12-24T00:00:00.000Z,0.8,41.17,3.65,2.44,4.78,2.522,404
2022-12-25T00:00:00.000Z,4.82,103.57,26.03,19.42,34.24,15.352,405
2022-12-26T00:00:00.000Z,1.63,75.03,14.25,11.55,16.75,8.172,355
2022-12-27T00:00:00.000Z,1.83,28.38,7.72,5.53,11.3,4.651,423
2022-12-28T00:00:00.000Z,1.38,36.29,7.25,4.32,13.23,7.691,402
2022-12-29T00:00:00.000Z,1.7,26.05,6.94,4.9,10.88,4.652,450
2022-12-30T00:00:00.000Z,2.47,32.38,14.55,11.74,18.36,5.598,372
2022-12-31T00:00:00.000Z,1.88,223.68,12,8.3,18.17,30.317,435
2023-01-01T00:00:00.000Z,3.85,32.4,15.75,11.74,19.67,5.759,437
2023-01-02T00:00:00.000Z,2.35,48.88,7.47,5.17,10.47,5.299,448
2023-01-03T00:00:00.000Z,3.45,20.58,9.38,7.68,11.7,2.956,375
2023-01-04T00:00:00.000Z,0.3,28.08,13.6,7.08,17.86,6.387,405
2023-01-05T00:00:00.000Z,0.47,22.5,3.95,2.74,5.76,2.517,436
2023-01-06T00:00:00.000Z,1.5,31.1,12.23,6.22,17.39,6.782,445
2023-01-07T00:00:00.000Z,3.97,39.95,16.29,11.18,21.47,7.374,440
2023-01-08T00:00:00.000Z,4.65,24.88,9.27,7.65,11.25,3.073,453
2023-01-09T00:00:00.000Z,2.04,21.88,11.45,6.74,13.81,4.465,313
2023-01-26T00:00:00.000Z,0.25,31.67,4.4,1.85,19.64,9.597,314
2023-01-27T00:00:00.000Z,0.32,27.17,4.09,2.42,13.5,6.538,368
2023-01-28T00:00:00.000Z,6.7,24.17,14.05,12.14,16.29,3.012,445
2023-01-29T00:00:00.000Z,1.9,29.83,11.05,7.23,13.96,4.695,440
2023-01-30T00:00:00.000Z,3.33,27.35,13.41,9.9,18.02,5.451,444
2023-01-31T00:00:00.000Z,1.83,24.3,10.11,7.4,13.3,3.918,418
2023-02-01T00:00:00.000Z,1.12,38.33,13.17,9.15,19.69,7.252,440
2023-02-02T00:00:00.000Z,1.12,38.42,5.82,3.7,9.48,7.865,441
2023-02-03T00:00:00.000Z,0.9,45.42,5,2.97,8.13,9.435,343
2023-02-04T00:00:00.000Z,0.5,51.2,3.63,2.5,6.26,6.678,449
2023-02-05T00:00:00.000Z,0.95,27.48,4.57,2.9,10.03,5.514,420
2023-02-06T00:00:00.000Z,3.1,59.33,14,10.33,19.25,7.055,378
2023-02-07T00:00:00.000Z,6.55,37.29,18.25,14.24,22.74,6.296,404
2023-02-08T00:00:00.000Z,9.1,52.85,29.64,20.37,35.43,9.661,362
2023-02-09T00:00:00.000Z,12.27,62.05,31.67,24.1,46.84,12.625,393
2023-02-10T00:00:00.000Z,7.03,32.54,15.93,13.52,19.23,4.306,411
2023-02-11T00:00:00.000Z,6.93,48.45,21.8,15.43,29.98,9.555,383
2023-02-12T00:00:00.000Z,0.5,44.53,4.55,3.13,8.69,9.164,440
2023-02-13T00:00:00.000Z,1.55,10.63,4.83,3.8,6.03,1.616,354
2023-02-14T00:00:00.000Z,2.78,47.03,9.44,6.43,15.68,11.561,381
2023-02-15T00:00:00.000Z,32.95,162.18,55.15,48.37,61.25,13.047,361
2023-02-16T00:00:00.000Z,40.6,82.3,60.9,55.4,66.05,7.659,375
2023-02-17T00:00:00.000Z,1.45,102,18.3,10.18,25.15,22.873,335
2023-02-18T00:00:00.000Z,4.63,34.38,13.6,10.15,18.55,5.832,447
2023-02-19T00:00:00.000Z,1.25,21.7,7.05,5.09,9.19,3.144,383
2023-02-20T00:00:00.000Z,1.65,40.29,17.35,10.44,21.82,8.463,445
2023-02-21T00:00:00.000Z,8,50.13,21.7,16.17,30.23,8.844,446
2023-02-22T00:00:00.000Z,1.73,28.13,5.97,4.45,8.18,3.603,366
2023-02-23T00:00:00.000Z,4.09,58.33,20.85,15.24,25.77,8.696,328
2023-02-24T00:00:00.000Z,0.47,23.08,6.53,3.9,9.82,4.086,435
2023-02-25T00:00:00.000Z,0.43,10.15,2.75,1.89,3.69,1.413,360
2023-02-26T00:00:00.000Z,0.6,18.92,3.67,2.5,7.04,3.828,413
2023-02-27T00:00:00.000Z,2.6,108.53,9.94,7.38,13.13,6.886,435
2023-02-28T00:00:00.000Z,3.5,29.73,12.63,9.41,16.21,5.32,361
2023-03-01T00:00:00.000Z,2.25,155.05,13.02,8.25,28.08,25.256,429
2023-03-02T00:00:00.000Z,1.8,17.63,8.35,4.65,10.63,3.652,443
2023-03-03T00:00:00.000Z,4.57,229.75,14.6,10.24,18.22,25.263,429
2023-03-04T00:00:00.000Z,0.4,24.55,5.95,3.17,12.48,5.579,439
2023-03-05T00:00:00.000Z,1,16.67,5.2,3.6,7.72,3.224,437
2023-03-06T00:00:00.000Z,1.27,39.04,6.2,4.34,8.68,5.905,426
2023-03-07T00:00:00.000Z,0.95,27,5.95,3.8,11.05,5.79,435
2023-03-08T00:00:00.000Z,0.17,30.85,3,1.95,5.32,5.373,438
2023-03-09T00:00:00.000Z,1.48,19.48,6.73,3.78,10.23,4.078,390
2023-03-10T00:00:00.000Z,2.08,17.37,7.15,5.07,10.45,3.38,443
2023-03-11T00:00:00.000Z,1.9,10.02,4.07,3.35,4.97,1.231,134
2023-03-16T00:00:00.000Z,3.65,40.9,8.51,6.95,10.55,3.711,292
2023-03-17T00:00:00.000Z,7.93,23.48,13.31,11.68,15.15,2.651,438
2023-03-18T00:00:00.000Z,7.9,47.28,14.13,11.74,18.57,8.406,372
2023-03-19T00:00:00.000Z,28.9,114.07,46.74,34.85,76.75,23.831,66
2023-03-20T00:00:00.000Z,0.6,11.68,3.53,2.42,4.97,1.838,305
2023-03-21T00:00:00.000Z,4.82,274.63,20.92,11.07,28.69,35.379,441
2023-03-22T00:00:00.000Z,2.63,33.88,13.77,7.9,24.72,8.975,432
2023-03-23T00:00:00.000Z,0.9,24.6,10.38,6.22,15.23,5.635,447
2023-03-24T00:00:00.000Z,2.38,27.55,11.57,9.02,14.23,4.199,438
2023-03-25T00:00:00.000Z,2.47,22.55,8.75,6.97,11,3.163,427
2023-03-26T00:00:00.000Z,0.68,20.42,3.75,2.47,6.18,3.176,419
2023-03-27T00:00:00.000Z,0.37,11.68,2.65,1.85,3.88,1.687,413
2023-03-28T00:00:00.000Z,0.47,8.07,2.38,1.57,3.38,1.509,285
2023-03-31T00:00:00.000Z,1.83,70.31,7.45,3.3,16.17,11.515,225
2023-04-01T00:00:00.000Z,1.02,13.5,3.92,2.49,5.78,2.202,281
2023-04-02T00:00:00.000Z,0.7,16.7,2.8,2.06,3.93,2.024,216
2023-04-03T00:00:00.000Z,0.77,11.47,3.22,2.25,4.47,1.884,442
2023-04-04T00:00:00.000Z,0.17,10,3.21,2.27,4.7,1.844,446
2023-04-05T00:00:00.000Z,0.56,17.3,3.35,2.06,7.55,3.857,432
2023-04-07T00:00:00.000Z,1.9,10.77,3.64,2.9,4.38,1.273,316
2023-04-08T00:00:00.000Z,1.47,16.23,4.3,3.15,5.59,1.812,448
2023-04-09T00:00:00.000Z,1.25,12.48,3.89,2.97,5.09,1.702,452
2023-04-10T00:00:00.000Z,2,12.55,5.67,4.54,6.84,1.916,248
2023-04-11T00:00:00.000Z,2.52,13.85,5.72,4.32,7.28,2.293,167
2023-04-12T00:00:00.000Z,4.03,24.48,10.18,8.32,12.45,2.934,450
2023-04-13T00:00:00.000Z,1,29.7,9.32,6.89,11.95,4.551,445
2023-04-14T00:00:00.000Z,3.72,31.85,16.8,13.25,20.35,5.423,451
2023-04-15T00:00:00.000Z,6.73,29.77,13.5,10.88,17,4.266,458
2023-04-16T00:00:00.000Z,4.84,23.73,8.88,7.63,10.57,2.832,460
2023-04-17T00:00:00.000Z,5.18,28.55,11.35,8.52,15.99,4.615,457
2023-04-18T00:00:00.000Z,1.55,21.27,5.25,3.92,7.74,2.847,449
2023-04-19T00:00:00.000Z,0.35,11.4,2.5,1.73,3.38,1.567,388
2023-04-20T00:00:00.000Z,0.88,17.32,5.34,3.5,7.13,2.799,462
2023-04-21T00:00:00.000Z,2.27,7.78,3.97,3.29,4.91,1.227,73
2023-04-22T00:00:00.000Z,1.2,15.3,5.43,4.22,6.83,2.175,255
2023-04-23T00:00:00.000Z,2.58,19.3,7.97,6.5,10.45,3.223,299
2023-04-24T00:00:00.000Z,1.17,33.53,8.4,5.63,12.67,5.42,429
2023-04-25T00:00:00.000Z,1.48,23.83,9.13,6.97,12.25,4.084,458
2023-04-26T00:00:00.000Z,0.53,15.45,4.94,3.15,7.03,2.744,450
2023-04-27T00:00:00.000Z,1.23,12.4,5.45,4.26,7.3,2.09,132
