date,min,max,PM2.5 median,q1,q3,stdev,count
2019-12-09T00:00:00.000Z,0.84,4.8,2.29,1.65,3.12,0.881,313
2019-12-10T00:00:00.000Z,0.78,4.19,2.12,1.48,3.01,0.897,415
2019-12-11T00:00:00.000Z,2.31,15.86,4.42,3.36,9.96,3.682,425
2019-12-12T00:00:00.000Z,2.15,17.98,9.07,5.97,12.16,4.288,496
2019-12-13T00:00:00.000Z,1.58,20.89,7.38,5.7,13.14,4.786,557
2019-12-14T00:00:00.000Z,0.81,15.64,7.86,2.76,11.84,4.49,399
2019-12-15T00:00:00.000Z,0.32,4.95,2.5,1.54,3.06,1.031,574
2019-12-16T00:00:00.000Z,1.85,5.89,3.25,2.78,3.82,0.861,285
2019-12-17T00:00:00.000Z,2.25,12.88,4.65,3.12,8.75,3.207,288
2019-12-18T00:00:00.000Z,0.26,12.79,2.02,1.38,2.59,2.412,466
2019-12-19T00:00:00.000Z,3.1,25.56,14.73,10.75,19.48,5.664,551
2019-12-20T00:00:00.000Z,12.82,51.64,22.14,19.53,30.75,6.758,571
2019-12-21T00:00:00.000Z,2.65,19.71,10.34,6.92,14.1,4.522,555
2019-12-22T00:00:00.000Z,3.29,13.67,6.5,5.6,7.26,1.483,555
2019-12-23T00:00:00.000Z,1.2,25.06,8.66,2.12,13.77,6.431,561
2019-12-24T00:00:00.000Z,1.1,26.5,4.25,2.27,7.16,3.588,577
2019-12-25T00:00:00.000Z,0.41,13,4.05,1.19,9.36,4.229,580
2019-12-26T00:00:00.000Z,0.18,2.65,0.99,0.76,1.23,0.41,577
2019-12-27T00:00:00.000Z,0.38,4.5,0.92,0.74,1.28,0.613,560
2019-12-28T00:00:00.000Z,0.55,6.28,2.52,1.2,3.41,1.24,578
2019-12-29T00:00:00.000Z,2.45,11.88,7.65,4.32,8.98,2.471,580
2019-12-30T00:00:00.000Z,1.52,215.69,6.48,4.5,7.79,12.445,574
2019-12-31T00:00:00.000Z,1.45,326.97,3.46,2.59,6.2,35.126,550
2020-01-01T00:00:00.000Z,0.85,97.1,2.99,1.72,10.64,10.296,569
2020-01-02T00:00:00.000Z,5.32,32.11,17.07,11.1,23.39,7.267,557
2020-01-03T00:00:00.000Z,1.68,17.39,4.97,3.82,12.38,4.692,546
2020-01-04T00:00:00.000Z,0.2,5.34,2.1,1.72,2.78,1.033,557
2020-01-05T00:00:00.000Z,1.2,14.34,2.85,2.1,6.1,3.285,559
2020-01-06T00:00:00.000Z,1.74,23.34,7.18,5.39,15.46,6.289,511
2020-01-07T00:00:00.000Z,1.5,24.2,12.6,4.54,15.3,6.093,499
2020-01-08T00:00:00.000Z,3.91,13.88,5.68,5.05,7.07,2.581,394
2020-01-09T00:00:00.000Z,0.92,10.7,4.84,4.12,6.64,2.097,467
2020-01-10T00:00:00.000Z,0.44,9.15,4.51,1.75,5.81,2.265,334
2020-01-11T00:00:00.000Z,0.3,12.59,2.82,1.25,8.48,3.675,504
2020-01-12T00:00:00.000Z,0.35,9.05,3.36,1.82,5.82,2.358,528
2020-01-13T00:00:00.000Z,2.04,20.23,3.85,2.99,9.93,5.031,441
2020-01-14T00:00:00.000Z,1.12,11.2,5.2,2.45,7.84,2.763,373
2020-01-15T00:00:00.000Z,0.22,3,1.76,1.13,2.18,0.67,400
2020-01-16T00:00:00.000Z,0.98,15.32,3.44,2.96,4.79,3.272,409
2020-01-17T00:00:00.000Z,3.24,18.45,14.58,11.57,16.48,3.416,428
2020-01-18T00:00:00.000Z,0.6,19.44,2.49,1.42,4.11,4.643,490
2020-01-19T00:00:00.000Z,1.92,5.6,3.29,2.76,4.13,0.83,424
2020-01-20T00:00:00.000Z,1.48,9.6,3.15,2.72,3.64,1.383,334
2020-01-21T00:00:00.000Z,0.6,3.96,2.17,1.14,2.78,0.85,402
2020-01-22T00:00:00.000Z,0.75,1.18,0.88,0.81,0.98,0.128,8
2020-01-23T00:00:00.000Z,0.81,5.78,3.95,2.33,4.65,1.231,79
2020-01-24T00:00:00.000Z,0.93,14.42,2.19,1.72,3.09,1.508,246
2020-01-25T00:00:00.000Z,0.28,14.32,1.26,0.94,5.98,4.006,286
2020-01-26T00:00:00.000Z,8.41,26.11,16.13,14.02,20.9,4.371,261
2020-01-27T00:00:00.000Z,7.94,28.68,18.5,15.34,23.68,4.805,243
2020-01-28T00:00:00.000Z,2.02,18.57,6.88,5.7,10.84,4.312,266
2020-01-29T00:00:00.000Z,0.81,6.56,2.04,1.49,2.88,1.065,306
2020-01-30T00:00:00.000Z,0.35,9.1,2.09,1.32,3.36,1.671,271
2020-01-31T00:00:00.000Z,1.35,6.23,3.46,2.76,4.09,0.966,273
2020-02-01T00:00:00.000Z,0.08,5.55,2.48,1.22,3.32,1.203,285
2020-02-02T00:00:00.000Z,0.8,4.46,2.08,1.8,2.35,0.531,303
2020-02-03T00:00:00.000Z,1.52,6.8,3.21,2.29,3.94,1.072,273
2020-02-04T00:00:00.000Z,0.22,4.38,1.46,0.82,3.17,1.222,231
2020-02-05T00:00:00.000Z,0.3,3.26,1.18,0.81,1.85,0.741,212
2020-02-06T00:00:00.000Z,0.99,9.23,2.11,1.54,2.69,1.714,185
2020-02-07T00:00:00.000Z,2.04,14.99,4.8,3.57,6.89,2.205,213
2020-02-08T00:00:00.000Z,4.3,19.3,11.88,7.6,13.21,3.888,171
2020-02-09T00:00:00.000Z,0.88,26.08,6.2,2.7,19.8,8.388,327
2020-02-10T00:00:00.000Z,0.55,5.35,2.29,1.56,3.28,1.047,315
2020-02-11T00:00:00.000Z,0.36,5.05,1.56,1.1,2.27,1.041,364
2020-02-12T00:00:00.000Z,0.65,4.74,1.76,1.23,3.14,1.051,374
2020-02-13T00:00:00.000Z,0.41,16.66,2.23,1.38,2.9,1.313,368
2020-02-14T00:00:00.000Z,0.24,8.6,3.84,2.45,5.55,2.025,374
2020-02-15T00:00:00.000Z,3.52,18.64,11.88,5.85,15.58,4.865,312
2020-02-16T00:00:00.000Z,0.19,2.95,1.58,0.56,1.88,0.684,377
2020-02-17T00:00:00.000Z,1.36,5.93,3.42,2.86,4.28,0.947,345
2020-02-18T00:00:00.000Z,0.84,4.84,3.06,2.33,3.47,0.82,295
2020-02-19T00:00:00.000Z,0.12,9.46,1.32,0.74,2.8,2.273,425
2020-02-20T00:00:00.000Z,0.77,11.41,4.68,3.72,7.17,2.193,492
2020-02-21T00:00:00.000Z,0.6,19,3.16,2.35,3.66,1.297,435
2020-02-22T00:00:00.000Z,0.52,6.03,3.18,1.68,4,1.265,410
2020-02-23T00:00:00.000Z,0.3,6.1,2.69,1.72,3.9,1.353,442
2020-02-24T00:00:00.000Z,0.76,4.2,1.91,1.52,2.27,0.546,519
2020-02-25T00:00:00.000Z,0.62,24.75,1.64,1.26,2.2,2.111,457
2020-02-26T00:00:00.000Z,0.16,2.54,0.75,0.6,0.94,0.363,405
2020-02-27T00:00:00.000Z,0.25,15.32,1.8,1.42,3.04,4.443,466
2020-02-28T00:00:00.000Z,0.86,16.14,3.02,1.78,4.36,3.21,553
2020-02-29T00:00:00.000Z,0.68,7.43,3.99,1.83,5.35,1.826,561
2020-03-01T00:00:00.000Z,0.9,9.11,1.87,1.59,2.16,0.613,564
2020-03-02T00:00:00.000Z,1.1,6.56,2.04,1.76,2.29,0.576,482
2020-03-03T00:00:00.000Z,1.23,17.2,5.67,3.56,11.4,4.329,388
2020-03-04T00:00:00.000Z,0.71,7.88,3.16,1.6,4.93,1.79,571
2020-03-05T00:00:00.000Z,1.85,18.09,5.18,3.88,6.74,3.499,566
2020-03-06T00:00:00.000Z,8.06,26.17,14.28,10.13,21.47,5.642,557
2020-03-07T00:00:00.000Z,1.62,20.1,8.77,5.73,11.18,4.612,572
2020-03-08T00:00:00.000Z,3.14,16.38,6.01,4.82,9.27,3.432,463
2020-03-09T00:00:00.000Z,1.31,13.75,5.58,3.35,8.89,3.196,465
2020-03-10T00:00:00.000Z,0.66,16.04,3.81,2.2,8.24,4.507,467
2020-03-11T00:00:00.000Z,1.13,4.19,2.21,1.88,2.72,0.567,464
2020-03-12T00:00:00.000Z,0.51,7.88,2.31,1.74,3.02,1.57,418
2020-03-13T00:00:00.000Z,0.46,3.6,1.55,1.1,2.5,0.78,441
2020-03-14T00:00:00.000Z,0.31,5.61,0.86,0.64,1.35,0.996,446
2020-03-15T00:00:00.000Z,1.86,5.09,3.34,3.01,3.81,0.615,232
2020-03-16T00:00:00.000Z,0.45,4.66,2.04,1.46,2.66,0.934,466
2020-03-17T00:00:00.000Z,0.79,5.9,3.18,1.54,4.57,1.527,466
2020-03-18T00:00:00.000Z,1.02,8.05,2.8,2.04,4.36,1.507,405
2020-03-19T00:00:00.000Z,1.08,4.9,1.9,1.64,2.34,0.539,463
2020-03-20T00:00:00.000Z,0.35,4.11,1.44,0.7,1.97,0.823,405
2020-03-21T00:00:00.000Z,0.05,1.5,0.55,0.28,0.76,0.292,405
2020-03-22T00:00:00.000Z,0.35,2.09,0.66,0.56,0.77,0.234,400
2020-03-23T00:00:00.000Z,0.4,2.74,1.58,1.24,1.85,0.513,379
2020-03-24T00:00:00.000Z,1.78,8.27,3.03,2.54,4.61,1.211,381
2020-03-25T00:00:00.000Z,4.57,13.06,7.04,6.11,8.98,1.991,385
2020-03-26T00:00:00.000Z,4.34,12.69,9.31,7.18,10.16,1.909,372
2020-03-27T00:00:00.000Z,5.24,15.62,9.68,8.36,11.55,2.348,336
2020-03-28T00:00:00.000Z,1.14,27.85,2.78,2.04,20.6,9.63,155
2020-03-29T00:00:00.000Z,0.15,2.83,0.61,0.4,0.95,0.427,303
2020-03-30T00:00:00.000Z,0.16,1.78,0.51,0.35,0.89,0.378,122
2020-03-31T00:00:00.000Z,0.3,2.17,1.04,0.68,1.25,0.363,289
2020-04-01T00:00:00.000Z,0.93,3.1,1.71,1.45,2.08,0.439,198
2020-04-02T00:00:00.000Z,1.03,3.78,2.02,1.72,2.54,0.579,407
2020-04-03T00:00:00.000Z,0.51,3.3,1.53,1.1,2.04,0.581,414
2020-04-04T00:00:00.000Z,0.38,10.75,2.12,1.05,4.58,2.565,439
2020-04-05T00:00:00.000Z,2.02,11.3,4.45,3.55,8.96,2.79,445
2020-04-06T00:00:00.000Z,3.96,22.32,10.46,5.56,12.31,4.758,405
2020-04-07T00:00:00.000Z,0.93,20.72,2.27,1.75,6.2,5.831,370
2020-04-08T00:00:00.000Z,1.64,6.51,2.8,2.36,3.33,1.033,366
2020-04-09T00:00:00.000Z,0.78,8.24,1.57,1.25,3.11,2.049,400
2020-04-10T00:00:00.000Z,1.7,5.45,2.75,2.45,3.18,0.705,436
2020-04-11T00:00:00.000Z,2.87,5.94,3.75,3.25,4.88,0.873,127
2020-04-12T00:00:00.000Z,0.3,16.42,2.99,1.53,4.29,2.264,473
2020-04-13T00:00:00.000Z,0.35,4.38,0.92,0.75,1.34,0.828,469
2020-04-14T00:00:00.000Z,0.33,3.25,0.8,0.66,1.24,0.587,458
2020-04-15T00:00:00.000Z,1.56,5.97,3.2,2.74,4.28,1.058,422
2020-04-16T00:00:00.000Z,0.6,5.32,1.87,1.32,2.54,1.06,425
2020-04-17T00:00:00.000Z,0.1,4.3,2.04,1.15,2.74,0.978,459
2020-04-18T00:00:00.000Z,0.15,3.98,1.11,0.44,1.76,0.794,474
2020-04-19T00:00:00.000Z,0.15,61.79,0.7,0.4,1.34,4.102,457
2020-04-20T00:00:00.000Z,0.35,4.04,1.23,0.88,1.71,0.77,417
2020-04-21T00:00:00.000Z,0.14,3.18,0.56,0.4,1.72,0.908,323
2020-04-22T00:00:00.000Z,0.1,2.48,0.92,0.52,1.38,0.521,363
2020-04-23T00:00:00.000Z,0.5,4.05,1.78,1.35,2.54,0.819,397
2020-04-24T00:00:00.000Z,0.79,6.38,3.16,2.62,4.01,1.086,441
2020-04-25T00:00:00.000Z,0.08,6.01,0.67,0.35,1.05,0.567,414
2020-04-26T00:00:00.000Z,0.45,5.38,0.98,0.8,1.41,0.756,443
2020-04-27T00:00:00.000Z,1.05,17,4.93,3.01,6.65,3.196,417
2020-04-28T00:00:00.000Z,0.25,4.43,0.94,0.64,1.86,0.918,325
2020-04-29T00:00:00.000Z,0.45,4.5,1.54,1.04,2.17,0.828,421
2020-04-30T00:00:00.000Z,0.7,18.12,7.48,3.98,11.54,4.898,445
2020-05-01T00:00:00.000Z,0.32,13.19,1.65,0.84,3.09,2.69,454
2020-05-02T00:00:00.000Z,0.2,8.27,1.72,0.64,5.18,2.451,444
2020-05-03T00:00:00.000Z,0.6,13.45,1.55,1.17,4.95,2.802,464
2020-05-04T00:00:00.000Z,0.18,2.33,0.88,0.6,1.56,0.534,425
2020-05-05T00:00:00.000Z,0.1,1.52,0.45,0.3,0.68,0.269,408
2020-05-06T00:00:00.000Z,0.46,2.8,1.49,0.88,1.85,0.543,483
2020-05-07T00:00:00.000Z,1.3,4.76,2.86,2.5,3.37,0.649,304
2020-05-08T00:00:00.000Z,1.8,6.98,3.42,2.68,4.22,1.054,297
2020-05-09T00:00:00.000Z,0.95,26.14,3.06,2,12.34,6.986,306
2020-05-10T00:00:00.000Z,0.35,17.61,9.96,5.52,14.42,4.656,201
2020-05-11T00:00:00.000Z,0.12,0.84,0.32,0.25,0.4,0.122,288
2020-05-12T00:00:00.000Z,0.3,1.92,0.9,0.68,1.27,0.361,380
2020-05-13T00:00:00.000Z,0.13,3.82,0.5,0.35,0.74,0.443,324
2020-05-14T00:00:00.000Z,0.3,6.13,0.77,0.61,0.9,0.492,215
2020-05-15T00:00:00.000Z,0.28,3.67,1.12,0.9,1.4,0.405,400
2020-05-16T00:00:00.000Z,0.52,2.4,1.32,1.02,1.84,0.47,274
2020-05-17T00:00:00.000Z,0.4,2.21,0.94,0.75,1.44,0.417,419
2020-05-18T00:00:00.000Z,0.5,3.9,1.54,1.18,2.09,0.712,363
2020-05-19T00:00:00.000Z,0.32,4.59,2.17,0.8,3.24,1.285,271
2020-05-20T00:00:00.000Z,0.7,3.68,1.42,1.14,2.04,0.706,181
2020-05-21T00:00:00.000Z,0.95,5.72,2.12,1.84,2.67,0.921,189
2020-05-22T00:00:00.000Z,0.48,2.83,1.14,1,1.56,0.503,234
2020-05-23T00:00:00.000Z,1.55,9.19,3.16,2.25,5.11,1.807,196
2020-05-24T00:00:00.000Z,1,4.07,1.75,1.5,2.08,0.463,239
2020-05-25T00:00:00.000Z,0.9,5.4,2.7,1.7,3.49,1.083,269
2020-05-26T00:00:00.000Z,0.98,5.03,1.7,1.37,2.82,0.911,292
2020-05-27T00:00:00.000Z,0.73,7.45,2,1.5,2.72,1.313,330
2020-05-28T00:00:00.000Z,0.2,6.9,1.1,0.7,1.75,1.066,395
2020-05-29T00:00:00.000Z,0.65,2.85,1.3,1.05,1.58,0.369,314
2020-05-30T00:00:00.000Z,0.2,4.45,0.73,0.45,1.2,0.717,310
2020-05-31T00:00:00.000Z,0,1.9,0.39,0.2,0.7,0.364,236
2020-06-01T00:00:00.000Z,1.2,1.75,1.55,1.4,1.65,0.152,15
2020-06-02T00:00:00.000Z,0.1,1.42,0.47,0.3,0.89,0.339,132
2020-06-03T00:00:00.000Z,0.4,4.28,0.85,0.7,1,0.312,348
2020-06-04T00:00:00.000Z,0.5,5.22,1.1,0.9,1.5,0.791,396
2020-06-05T00:00:00.000Z,0.1,50.25,0.4,0.3,0.73,3.049,332
2020-06-06T00:00:00.000Z,0.1,3.28,0.55,0.3,0.85,0.395,355
2020-06-07T00:00:00.000Z,0.5,3.22,1.23,0.93,1.73,0.517,397
2020-06-08T00:00:00.000Z,0.3,2.67,0.9,0.7,1.2,0.415,390
2020-06-09T00:00:00.000Z,0.45,3.22,1.2,0.93,1.5,0.491,355
2020-06-10T00:00:00.000Z,0.35,3.67,1.14,0.77,1.45,0.448,391
2020-06-11T00:00:00.000Z,0.1,3.87,0.6,0.4,1,0.665,404
2020-06-12T00:00:00.000Z,0.45,7.35,2.62,1.35,3.33,1.568,343
2020-06-13T00:00:00.000Z,0.82,8,2.92,1.27,5.45,2.096,303
2020-06-14T00:00:00.000Z,0.56,2,1.1,0.9,1.33,0.284,144
2020-06-15T00:00:00.000Z,0.4,3.15,0.8,0.7,1,0.317,299
2020-06-16T00:00:00.000Z,0.73,3,1.62,1.3,2,0.427,314
2020-06-17T00:00:00.000Z,0.5,4.68,2.29,1.95,2.6,0.67,346
2020-06-18T00:00:00.000Z,0.4,2,0.9,0.77,1.1,0.305,354
2020-06-19T00:00:00.000Z,1.5,5.35,2.87,2.17,3.6,0.802,235
2020-06-20T00:00:00.000Z,1.87,9.85,3.07,2.58,4.07,1.379,230
2020-06-21T00:00:00.000Z,0.9,5.03,2.41,1.6,3.1,0.906,294
2020-06-22T00:00:00.000Z,0.35,3.3,0.95,0.75,1.27,0.557,246
2020-06-23T00:00:00.000Z,0.8,9.27,1.37,1.1,1.77,1.416,327
2020-06-24T00:00:00.000Z,0.77,12.4,1.8,1.52,2.44,1.827,333
2020-06-25T00:00:00.000Z,0.9,4.2,1.5,1.3,1.7,0.501,346
2020-06-26T00:00:00.000Z,1.62,12.15,3.75,2.75,6.4,2.786,406
2020-06-27T00:00:00.000Z,1.8,6.68,3.4,2.9,4.3,0.984,377
2020-06-28T00:00:00.000Z,0.65,10.3,1.6,1.14,6.54,3.141,316
2020-06-29T00:00:00.000Z,0.2,1.8,0.93,0.65,1.12,0.329,306
2020-06-30T00:00:00.000Z,0.5,1.95,1.1,0.93,1.27,0.251,239
2020-07-01T00:00:00.000Z,0.4,3.35,1.02,0.7,1.49,0.75,285
2020-07-02T00:00:00.000Z,0.3,3.47,0.8,0.6,1.3,0.71,267
2020-07-03T00:00:00.000Z,0.1,0.98,0.35,0.28,0.5,0.186,205
2020-07-04T00:00:00.000Z,0,2.97,0.9,0.3,1.3,0.633,197
2020-07-05T00:00:00.000Z,0.2,2.35,0.6,0.4,1.1,0.433,306
2020-07-06T00:00:00.000Z,0.2,7.1,0.84,0.6,1.1,0.633,148
2020-07-07T00:00:00.000Z,0.1,2,0.9,0.65,1.12,0.325,255
2020-07-08T00:00:00.000Z,0.1,1.3,0.4,0.3,0.56,0.229,266
2020-07-09T00:00:00.000Z,0.15,1.75,0.5,0.4,0.7,0.296,312
2020-07-10T00:00:00.000Z,0.25,2.29,0.7,0.5,0.93,0.401,347
2020-07-11T00:00:00.000Z,0.2,1.48,0.6,0.43,0.82,0.272,273
2020-07-12T00:00:00.000Z,0.17,1.92,0.6,0.47,0.98,0.334,336
2020-07-13T00:00:00.000Z,0.22,2,0.8,0.6,1.02,0.298,315
2020-07-14T00:00:00.000Z,0.6,5.75,1.7,1.25,2.58,0.993,326
2020-07-15T00:00:00.000Z,0.32,2.6,1,0.8,1.2,0.31,185
2020-07-16T00:00:00.000Z,0.3,1.9,0.7,0.6,1,0.317,196
2020-07-17T00:00:00.000Z,0.4,7,0.8,0.62,1.37,0.698,303
2020-07-18T00:00:00.000Z,0.5,15.05,1.23,0.9,1.65,0.932,320
2020-07-19T00:00:00.000Z,0.98,4.34,2.04,1.4,3.2,0.991,124
2020-07-20T00:00:00.000Z,0.2,7.5,0.7,0.45,1.05,1.388,121
2020-07-21T00:00:00.000Z,0.1,1.35,0.5,0.4,0.7,0.257,167
2020-07-22T00:00:00.000Z,0.1,2.02,0.5,0.37,0.6,0.24,220
2020-07-23T00:00:00.000Z,0.1,2.15,0.4,0.3,0.54,0.446,241
2020-07-24T00:00:00.000Z,0.17,4.53,1.39,0.5,2.14,1.022,272
2020-07-25T00:00:00.000Z,0.45,2,1.45,0.85,1.61,0.456,28
2020-07-26T00:00:00.000Z,0.3,7.5,1.4,0.9,2.6,1.087,334
2020-07-27T00:00:00.000Z,0.77,2.52,1.55,1.33,1.8,0.327,219
2020-07-28T00:00:00.000Z,0.5,3.37,1.08,0.8,1.77,0.657,287
2020-07-29T00:00:00.000Z,0.28,2.2,0.7,0.56,0.8,0.242,190
2020-07-30T00:00:00.000Z,0.2,4.25,0.7,0.6,0.9,0.32,294
2020-07-31T00:00:00.000Z,0.56,9.25,1.1,0.9,1.4,0.978,315
2020-08-01T00:00:00.000Z,0.6,3.9,1.33,1.08,1.73,0.723,320
2020-08-02T00:00:00.000Z,0.5,4.4,1.1,0.8,1.55,0.721,317
2020-08-03T00:00:00.000Z,0.1,2.42,0.8,0.52,1.12,0.437,312
2020-08-04T00:00:00.000Z,0.2,2.6,0.55,0.43,0.77,0.294,356
2020-08-05T00:00:00.000Z,0.3,2.54,0.8,0.62,0.98,0.405,377
2020-08-06T00:00:00.000Z,1,3.5,2.1,1.87,2.35,0.435,294
2020-08-07T00:00:00.000Z,0.82,3.65,1.7,1.35,2.11,0.558,377
2020-08-08T00:00:00.000Z,1,3.62,1.87,1.52,2.29,0.554,335
2020-08-09T00:00:00.000Z,0.8,4.84,1.9,1.5,2.5,0.829,380
2020-08-10T00:00:00.000Z,0.77,7.32,3.47,2.78,4.32,1.297,379
2020-08-11T00:00:00.000Z,0.3,1.62,0.9,0.73,1,0.221,389
2020-08-12T00:00:00.000Z,0.43,1.65,0.85,0.7,1,0.202,387
2020-08-13T00:00:00.000Z,0.5,2.7,0.93,0.77,1.23,0.504,387
2020-08-14T00:00:00.000Z,0.4,4.75,1.8,1.2,2.92,1.111,349
2020-08-15T00:00:00.000Z,1.48,9.52,3.42,2.8,5.43,1.688,397
2020-08-16T00:00:00.000Z,2.45,9.5,4.59,3.6,6.07,1.628,389
2020-08-17T00:00:00.000Z,1.42,9.73,2.58,2.13,5.03,1.967,390
2020-08-18T00:00:00.000Z,1.83,7.57,3.62,2.95,4.3,0.939,384
2020-08-19T00:00:00.000Z,0.55,8.18,2.08,1.6,4.94,2.093,389
2020-08-20T00:00:00.000Z,1.3,6.97,2.9,2.27,4.15,1.241,379
2020-08-21T00:00:00.000Z,1.17,11.32,3.42,2.86,5.63,2.599,373
2020-08-22T00:00:00.000Z,0.8,10.35,1.48,1.2,1.8,1.708,347
2020-08-23T00:00:00.000Z,0.1,4.53,0.8,0.43,1,0.442,351
2020-08-24T00:00:00.000Z,0.28,1.98,0.7,0.56,0.88,0.234,335
2020-08-25T00:00:00.000Z,0.08,2.54,0.4,0.3,0.56,0.356,346
2020-08-26T00:00:00.000Z,0.13,2.92,1.02,0.52,1.42,0.588,347
2020-08-27T00:00:00.000Z,0.2,1.67,0.7,0.5,1,0.312,380
2020-08-28T00:00:00.000Z,0.1,4.05,0.67,0.4,1.55,0.825,338
2020-08-29T00:00:00.000Z,0,8.05,0.8,0.4,2.89,1.876,345
2020-08-30T00:00:00.000Z,0.1,16.32,0.9,0.4,2.89,1.886,360
2020-08-31T00:00:00.000Z,0,1.7,0.3,0.15,0.55,0.267,354
2020-09-01T00:00:00.000Z,0.1,2.17,0.4,0.3,0.56,0.352,300
2020-09-02T00:00:00.000Z,0.2,10.3,0.93,0.55,1.9,1,360
2020-09-03T00:00:00.000Z,0.4,5.87,1.2,0.82,2.29,1.193,352
2020-09-04T00:00:00.000Z,0.3,5.18,0.88,0.7,1.1,0.574,360
2020-09-05T00:00:00.000Z,0.3,2.1,0.9,0.65,1.25,0.379,364
2020-09-06T00:00:00.000Z,0.17,1.73,0.6,0.4,0.75,0.246,320
2020-09-07T00:00:00.000Z,0.1,1.35,0.6,0.4,0.77,0.252,275
2020-09-08T00:00:00.000Z,0.17,3.17,0.8,0.5,1.08,0.58,205
2020-09-09T00:00:00.000Z,0.2,9.94,1.8,0.95,5.25,2.661,262
2020-09-10T00:00:00.000Z,0.32,5.28,0.85,0.65,1.17,0.582,180
2020-09-11T00:00:00.000Z,0.98,7.5,1.92,1.52,2.52,1.106,263
2020-09-12T00:00:00.000Z,0.1,6.1,2.7,2.02,3.3,1.318,234
2020-09-13T00:00:00.000Z,1.12,3.47,2.2,1.91,2.45,0.41,301
2020-09-14T00:00:00.000Z,1.23,3.95,2.29,1.87,2.8,0.544,251
2020-09-15T00:00:00.000Z,3.3,19.14,6.53,4.87,8.77,3.298,218
2020-09-16T00:00:00.000Z,0.05,0.4,0.2,0.1,0.3,0.102,15
2020-09-17T00:00:00.000Z,0.1,1.85,0.37,0.25,0.5,0.21,138
2020-09-18T00:00:00.000Z,0.2,5.93,0.75,0.6,1.12,0.827,275
2020-09-19T00:00:00.000Z,1,15.4,2.85,2.33,3.9,2.473,239
2020-09-20T00:00:00.000Z,2.92,10.3,5.36,4,7.4,1.942,150
2020-09-21T00:00:00.000Z,2.42,12.6,5.57,4.4,7.1,2.619,127
2020-09-22T00:00:00.000Z,3.2,19.32,5.29,4.37,7.62,3.07,242
2020-09-23T00:00:00.000Z,2.1,37.72,9.07,6.95,12.82,7.098,347
2020-09-24T00:00:00.000Z,0.47,13.52,1.85,1.2,6.34,3.883,349
2020-09-25T00:00:00.000Z,0.6,6.3,1.83,1.27,3.05,1.509,275
2020-09-26T00:00:00.000Z,0.47,9.15,1.4,0.8,3.28,2.803,214
2020-09-27T00:00:00.000Z,3.8,8.57,6.82,4.84,7.47,1.327,187
2020-09-28T00:00:00.000Z,0.3,5.62,2.6,1.12,4.11,1.562,233
2020-09-29T00:00:00.000Z,0.62,5.85,2.67,1.7,3.85,1.354,219
2020-09-30T00:00:00.000Z,1.5,7.15,3.62,2.42,4.95,1.405,316
2020-10-01T00:00:00.000Z,2.1,9.73,4.38,3.03,5.8,1.77,258
2020-10-02T00:00:00.000Z,1.25,12.2,6.47,3.37,8.77,3.036,242
2020-10-03T00:00:00.000Z,3.78,15.38,6.95,5,10.32,3.092,227
2020-10-04T00:00:00.000Z,0.3,15.3,2.54,0.8,7.68,3.932,258
2020-10-05T00:00:00.000Z,0.3,6.55,0.77,0.6,1.27,1.4,272
2020-10-06T00:00:00.000Z,0.4,5.82,2.65,1.12,3.28,1.259,281
2020-10-07T00:00:00.000Z,0.5,3.35,1.4,1.02,1.95,0.64,289
2020-10-08T00:00:00.000Z,0.2,3.37,1.4,1,1.85,0.582,272
2020-10-09T00:00:00.000Z,0.3,1.7,0.9,0.75,1.1,0.257,293
2020-10-10T00:00:00.000Z,0.1,7.25,0.75,0.47,1.39,0.709,341
2020-10-11T00:00:00.000Z,0.3,6.6,1.27,0.9,3.03,1.578,343
2020-10-12T00:00:00.000Z,0,6.57,2.89,0.6,4.53,1.982,284
2020-10-13T00:00:00.000Z,0.15,4,1.6,0.73,2.52,0.962,335
2020-10-14T00:00:00.000Z,0.1,0.88,0.3,0.2,0.4,0.122,319
2020-10-15T00:00:00.000Z,0.1,5.87,0.47,0.37,1.25,1.014,333
2020-10-16T00:00:00.000Z,0.1,3.83,0.7,0.3,1.52,0.754,342
2020-10-17T00:00:00.000Z,0.1,3.15,0.7,0.4,1.05,0.465,338
2020-10-18T00:00:00.000Z,0.1,3.2,0.87,0.47,1.2,0.6,346
2020-10-19T00:00:00.000Z,0.28,6.47,1.77,0.9,3.33,1.427,346
2020-10-20T00:00:00.000Z,3.53,14.98,9.34,7.28,10.4,2.489,354
2020-10-21T00:00:00.000Z,1.4,22.65,11.13,5.53,15.68,5.873,343
2020-10-22T00:00:00.000Z,0.43,2.67,1.4,1,1.63,0.453,346
2020-10-23T00:00:00.000Z,0.45,5.43,1.67,1.4,2.33,1.038,341
2020-10-24T00:00:00.000Z,0.52,21.4,2.47,1.5,8.57,6.011,343
2020-10-25T00:00:00.000Z,0.35,6.88,1.1,0.88,1.42,0.837,367
2020-10-26T00:00:00.000Z,1.25,11.25,3.34,2.7,4.25,2.117,384
2020-10-27T00:00:00.000Z,1.33,11.77,2.83,2.27,3.58,2.242,377
2020-10-28T00:00:00.000Z,0.45,4,1.9,1.4,2.39,0.785,389
2020-10-29T00:00:00.000Z,0.3,6.35,1.97,1.05,2.57,0.863,392
2020-10-30T00:00:00.000Z,0.1,9.18,1.01,0.45,2.9,1.913,402
2020-10-31T00:00:00.000Z,0.3,11.1,3.49,2.15,6.75,2.587,406
2020-11-01T00:00:00.000Z,1.52,6.8,3.47,2.75,4.65,1.218,411
2020-11-02T00:00:00.000Z,0.3,5.15,1.27,0.8,2,1.144,389
2020-11-03T00:00:00.000Z,0.7,3.7,2.2,1.6,2.6,0.673,386
2020-11-04T00:00:00.000Z,0.45,3.13,1.1,0.9,1.33,0.366,323
2020-11-05T00:00:00.000Z,0.25,3.6,1.35,1.05,1.8,0.668,313
2020-11-06T00:00:00.000Z,0.75,13.65,2.35,1.8,3.45,1.979,330
2020-11-07T00:00:00.000Z,1.4,12.48,3.92,2.97,6.07,2.73,351
2020-11-08T00:00:00.000Z,1.23,13.05,6.17,2.42,11.12,4.144,320
2020-11-09T00:00:00.000Z,1.8,12.23,8.43,4.97,9.94,2.928,263
2020-11-10T00:00:00.000Z,10.13,40.33,16.07,13.7,21.75,5.988,306
2020-11-11T00:00:00.000Z,4.03,36.78,11.2,7.93,17.19,7.627,313
2020-11-12T00:00:00.000Z,6.03,26.38,16.98,12.94,18.64,3.749,269
2020-11-13T00:00:00.000Z,2.17,16.2,8.3,5.5,11.84,3.91,289
2020-11-14T00:00:00.000Z,1.92,20.6,7.95,4.98,16.6,5.871,308
2020-11-15T00:00:00.000Z,4,17.13,6.38,5.57,9.88,2.984,263
2020-11-16T00:00:00.000Z,0.6,4.97,2.02,1.52,2.8,1.038,259
2020-11-17T00:00:00.000Z,0.3,4.93,1.95,1.1,2.84,1.045,280
2020-11-18T00:00:00.000Z,1.14,8.25,3.8,2.78,4.8,1.579,331
2020-11-19T00:00:00.000Z,0.63,5.9,2.04,1.6,3.05,1.113,333
2020-11-20T00:00:00.000Z,0.5,5.85,1.77,1.3,2.58,0.958,338
2020-11-21T00:00:00.000Z,0.2,11.2,3.49,1.58,6.09,2.931,288
2020-11-22T00:00:00.000Z,0.82,3.72,2.27,1.8,2.8,0.639,280
2020-11-23T00:00:00.000Z,0.55,3.72,1.52,1.25,2,0.574,250
2020-11-24T00:00:00.000Z,1.17,20,11.43,3.07,15.21,5.986,261
2020-11-25T00:00:00.000Z,6.6,23.92,15.5,12.63,19.82,4.43,223
2020-11-26T00:00:00.000Z,0.45,31.35,2.1,1.41,23.38,11.366,257
2020-11-27T00:00:00.000Z,0.3,12.88,2.1,1.26,6.54,3.246,253
2020-11-28T00:00:00.000Z,1.55,12.7,4.09,3.33,5.38,2.021,255
2020-11-29T00:00:00.000Z,0.4,5.65,1,0.76,1.89,1.408,261
2020-11-30T00:00:00.000Z,0.2,17.1,3.33,1.6,11.52,5.093,226
2020-12-01T00:00:00.000Z,8.43,18.92,14.5,12.07,15.95,2.523,228
2020-12-02T00:00:00.000Z,9.82,31.63,17.85,14.7,24.91,5.849,245
2020-12-03T00:00:00.000Z,20.35,36.7,28.05,24.6,31.08,3.89,219
2020-12-04T00:00:00.000Z,8.8,27.75,19.82,17.59,21.1,3.417,236
2020-12-05T00:00:00.000Z,13.2,29.1,18.87,16.22,20.55,2.875,228
2020-12-06T00:00:00.000Z,12.05,21.75,17.23,16.09,18.59,1.777,305
2020-12-07T00:00:00.000Z,8.3,21.77,15.83,14.72,17.88,2.467,269
2020-12-08T00:00:00.000Z,1.6,30.08,20.3,13.94,24.38,8.08,257
2020-12-09T00:00:00.000Z,16.35,30.27,21.24,18.88,22.8,2.9,234
2020-12-10T00:00:00.000Z,4,35.6,19.77,12.73,23.7,8.128,243
2020-12-11T00:00:00.000Z,4.72,30.1,13.9,11.09,18.73,5.632,288
2020-12-12T00:00:00.000Z,5.47,26.8,10.02,7.85,18,5.521,290
2020-12-13T00:00:00.000Z,2.4,18.1,9.32,6.6,11.19,3.402,276
2020-12-14T00:00:00.000Z,4.43,19.6,9.41,7.8,13.05,3.368,260
2020-12-15T00:00:00.000Z,1.5,20.17,8.66,7.82,9.8,2.971,278
2020-12-16T00:00:00.000Z,1.9,18.64,6.86,5.2,9.77,3.415,278
2020-12-17T00:00:00.000Z,4.78,19.1,12.1,6.95,15.32,4.153,255
2020-12-18T00:00:00.000Z,2.54,12.73,4.65,3.8,6.4,2.059,271
2020-12-19T00:00:00.000Z,4.78,18.23,10.6,6.9,13.48,3.625,263
2020-12-20T00:00:00.000Z,4.88,13.43,6.85,6.1,9.07,2.204,275
2020-12-21T00:00:00.000Z,3.65,15.85,10,6.3,13.32,3.757,267
2020-12-22T00:00:00.000Z,0.2,13.25,2.4,1.75,7.22,3.319,259
2020-12-23T00:00:00.000Z,0.9,46.58,2.72,2.02,11,7.139,281
2020-12-24T00:00:00.000Z,0.43,12.7,5.57,0.93,8.6,3.942,237
2020-12-27T00:00:00.000Z,1.8,3.2,2.49,2.35,2.74,0.293,60
2020-12-28T00:00:00.000Z,2.04,9.02,5.72,3.17,6.32,1.723,267
2020-12-29T00:00:00.000Z,3.6,23.67,10.23,7.43,13.3,4.407,267
2020-12-30T00:00:00.000Z,2.85,15.02,9.48,6.75,11.84,3.016,269
2020-12-31T00:00:00.000Z,2.52,473.75,9.3,6.43,12.52,38.768,283
2021-01-01T00:00:00.000Z,2.95,23.17,7.39,5.79,10.27,3.595,272
2021-01-02T00:00:00.000Z,5.7,19.77,10.64,8.84,12.1,2.31,248
2021-01-03T00:00:00.000Z,0.3,12.68,1.48,0.82,2.33,3.402,251
2021-01-04T00:00:00.000Z,0.28,16.13,0.75,0.5,1.12,1.054,246
2021-01-05T00:00:00.000Z,0.3,2.2,0.9,0.68,1.17,0.32,243
2021-01-06T00:00:00.000Z,0.32,2,1,0.9,1.14,0.235,245
2021-01-07T00:00:00.000Z,0.1,4.7,0.95,0.6,2.54,1.324,247
2021-01-08T00:00:00.000Z,1.85,8.4,3.25,2.83,4,1.118,255
2021-01-09T00:00:00.000Z,1.6,9,3.03,2.4,4.67,1.652,253
2021-01-10T00:00:00.000Z,4.38,14,9.38,6.22,10.58,2.389,253
2021-01-11T00:00:00.000Z,0.55,11.43,5.35,3.58,8.35,2.824,226
2021-01-12T00:00:00.000Z,0,5.18,1.3,1,1.69,0.765,248
2021-01-13T00:00:00.000Z,0.3,3.1,1.35,0.7,1.77,0.635,243
2021-01-14T00:00:00.000Z,1.42,5.13,3.4,2.85,4.05,0.811,235
2021-01-15T00:00:00.000Z,0.93,5.53,2.5,2,3.47,1.043,252
2021-01-16T00:00:00.000Z,0.6,11.05,2.1,1.58,3.85,2.077,238
2021-01-17T00:00:00.000Z,2.02,20.7,7.07,5.4,10.8,4.712,227
2021-01-18T00:00:00.000Z,3.05,26.77,10.4,7.22,17.73,6.334,211
2021-01-19T00:00:00.000Z,1.38,16.63,5.68,4.12,9.63,3.354,193
2021-01-20T00:00:00.000Z,1.95,9.52,4.53,2.88,5.63,1.715,95
2021-01-21T00:00:00.000Z,0.8,2.83,1.6,1.38,2.39,0.571,52
2021-01-22T00:00:00.000Z,0.1,3.85,2.25,1.21,2.94,0.955,65
2021-01-23T00:00:00.000Z,2.42,16.02,8.02,3.7,12.85,4.635,51
2021-01-24T00:00:00.000Z,12.25,26.58,17.63,15.63,21.6,3.425,182
2021-01-25T00:00:00.000Z,3.13,21.25,7.97,5.46,9.85,4.536,173
2021-01-26T00:00:00.000Z,0.8,9.6,6.77,4.78,7.47,2.328,62
2021-01-27T00:00:00.000Z,0.9,27.48,15.4,4.09,19.97,8.161,49
2021-01-28T00:00:00.000Z,0.35,14.05,0.94,0.69,1.62,2.667,52
2021-01-29T00:00:00.000Z,0.55,6.47,3.94,2.09,5.42,1.781,124
2021-01-30T00:00:00.000Z,0.7,5.75,2.88,1.98,3.83,1.218,207
2021-01-31T00:00:00.000Z,0.5,11.5,2.63,1.12,5.05,2.371,250
2021-02-01T00:00:00.000Z,0.93,15.23,5.53,2.96,9.13,3.752,209
2021-02-02T00:00:00.000Z,5.3,16.43,10.05,7.99,11.37,2.291,217
2021-02-03T00:00:00.000Z,1.9,21.45,5.15,3.2,15.35,6.183,195
2021-02-04T00:00:00.000Z,1.27,7.05,2.85,2.2,3.42,1.119,233
2021-02-05T00:00:00.000Z,0.9,3.38,2.1,1.83,2.37,0.44,212
2021-02-06T00:00:00.000Z,0.5,3.22,1.9,1.5,2.19,0.512,220
2021-02-07T00:00:00.000Z,0.4,1.95,0.8,0.68,1.05,0.282,217
2021-02-08T00:00:00.000Z,0.2,1.77,0.8,0.7,1,0.227,236
2021-02-09T00:00:00.000Z,0.2,1.23,0.7,0.56,0.8,0.185,223
2021-02-10T00:00:00.000Z,0.4,4.13,1.02,0.8,1.25,0.454,220
2021-02-11T00:00:00.000Z,0.3,2.63,1.02,0.8,1.3,0.372,214
2021-02-12T00:00:00.000Z,0.3,5.7,1,0.7,2.22,1.02,242
2021-02-13T00:00:00.000Z,0.9,8.3,2.36,1.63,3.22,1.791,230
2021-02-14T00:00:00.000Z,2.7,16.5,6.81,5.03,9.25,3.413,222
2021-02-15T00:00:00.000Z,1.45,12.25,3.95,2.95,8.02,3.103,223
2021-02-16T00:00:00.000Z,2.88,15.5,7.2,4.15,10.54,3.477,212
2021-02-17T00:00:00.000Z,4.95,28.4,17.27,9.21,21.42,6.743,212
2021-02-18T00:00:00.000Z,8.85,44.4,23.65,16.27,35.29,10.104,235
2021-02-19T00:00:00.000Z,2.15,25.13,5.7,3.72,9,6.128,219
2021-02-20T00:00:00.000Z,2.95,11.18,4.84,4.05,6.88,1.752,232
2021-02-21T00:00:00.000Z,5.45,18.27,9.8,8.35,11.75,2.537,218
2021-02-22T00:00:00.000Z,11.65,24.42,15.96,14.6,17.77,2.786,198
2021-02-23T00:00:00.000Z,5.82,17.05,11.65,9.4,13.49,2.791,212
2021-02-24T00:00:00.000Z,2.58,14.27,4.53,3.62,8.69,3.579,201
2021-02-25T00:00:00.000Z,2.7,8.19,4.86,3.9,6.75,1.513,126
2021-02-26T00:00:00.000Z,1.14,5.32,3.5,3.1,3.78,0.789,99
2021-02-27T00:00:00.000Z,2.15,6.8,3.33,3,3.75,0.71,143
2021-02-28T00:00:00.000Z,2.08,11.5,5.2,3.9,6.65,2.167,103
2021-03-01T00:00:00.000Z,2.17,13.03,4.87,3.92,6.64,2.77,204
2021-03-02T00:00:00.000Z,2.95,29.17,6.3,5.22,10.5,5.882,175
2021-03-03T00:00:00.000Z,3.65,20.13,8.24,5.68,12.05,3.849,198
2021-03-04T00:00:00.000Z,0.22,9.3,2.13,1.23,3.2,1.987,183
2021-03-05T00:00:00.000Z,0.1,94.88,1.88,0.65,2.58,6.612,206
2021-03-06T00:00:00.000Z,0.52,5.13,1.87,1.23,2.97,1.116,202
2021-03-07T00:00:00.000Z,0.38,3.6,1.67,1.29,2,0.612,97
2021-03-08T00:00:00.000Z,0.2,11.1,1.1,0.65,3.39,2.69,157
2021-03-09T00:00:00.000Z,1,11.3,4.32,2,6.6,2.804,167
2021-03-10T00:00:00.000Z,1.55,10.68,5.25,3.6,6.57,1.871,161
2021-03-11T00:00:00.000Z,0.6,22.75,6.88,3.17,14.84,6.382,201
2021-03-12T00:00:00.000Z,0.9,5.75,2.7,2.13,3.59,1.053,208
2021-03-13T00:00:00.000Z,0.2,7.97,1.77,1.19,4.57,2.171,225
2021-03-14T00:00:00.000Z,0.4,6.82,1.83,1.23,3.04,1.411,217
2021-03-15T00:00:00.000Z,0.65,3.88,1.58,1.2,2.17,0.65,198
2021-03-16T00:00:00.000Z,0.52,7.03,1.35,1.1,2.2,1.419,205
2021-03-17T00:00:00.000Z,0.1,15.52,2.38,1.08,8.41,4.841,224
2021-03-18T00:00:00.000Z,0.1,3.2,0.98,0.44,1.52,0.644,189
2021-03-19T00:00:00.000Z,0.2,1.88,0.65,0.4,1.02,0.38,149
2021-03-20T00:00:00.000Z,0.56,4.63,1.23,0.98,1.75,0.827,114
2021-03-21T00:00:00.000Z,0.1,5.47,0.9,0.4,1.63,0.742,179
2021-03-22T00:00:00.000Z,0.6,4.97,1.63,1.14,2.42,0.846,211
2021-03-23T00:00:00.000Z,1.12,20.13,3.38,2.6,4.47,3.381,267
2021-03-24T00:00:00.000Z,11.45,26.1,15.45,14.12,19.04,3.205,185
2021-03-25T00:00:00.000Z,1.3,28.93,3.78,2.06,6.19,6.425,88
2021-03-26T00:00:00.000Z,4.65,35.35,14.06,10.39,20.91,6.43,164
2021-03-27T00:00:00.000Z,0.1,48.78,3.19,0.8,39.22,18.978,182
2021-03-28T00:00:00.000Z,1.42,9.6,3.8,2.57,4.86,1.644,149
2021-03-29T00:00:00.000Z,2.1,8.6,5.18,4.01,6.2,1.43,168
2021-03-30T00:00:00.000Z,1.75,10.38,5.32,2.83,6.97,2.276,182
2021-03-31T00:00:00.000Z,2.65,12.63,7.05,5.55,8.8,2.305,159
2021-04-01T00:00:00.000Z,0.1,24.33,2.17,0.55,13.48,7.677,154
2021-04-02T00:00:00.000Z,0.88,5.5,1.9,1.45,2.83,0.965,176
2021-04-03T00:00:00.000Z,0.13,2.83,0.5,0.39,1.04,0.515,169
2021-04-04T00:00:00.000Z,0.6,8.15,2.71,1.48,4.4,1.983,142
2021-04-05T00:00:00.000Z,0.2,8.1,1.57,1.07,2.96,2.101,40
2021-04-06T00:00:00.000Z,0.43,6.22,1.9,1.42,2.4,0.964,84
2021-04-07T00:00:00.000Z,0.28,2.52,1.05,0.79,1.46,0.54,52
2021-04-08T00:00:00.000Z,0.4,11.75,1.7,0.95,3.28,3.542,142
2021-04-09T00:00:00.000Z,0.9,17.39,1.88,1.58,6.47,4.798,81
2021-04-10T00:00:00.000Z,0.4,5.15,1.5,0.73,2.04,1.063,127
2021-04-11T00:00:00.000Z,0.5,30.25,3.6,1.85,10.27,8.355,107
2021-04-12T00:00:00.000Z,0.2,1.7,0.7,0.52,1,0.328,87
2021-04-13T00:00:00.000Z,0.5,3.1,0.93,0.73,1.39,0.601,105
2021-04-14T00:00:00.000Z,0,4,0.89,0.5,1.77,0.893,102
2021-04-15T00:00:00.000Z,0.1,10.32,1.1,0.4,1.73,1.366,91
2021-04-16T00:00:00.000Z,0.3,1.3,0.7,0.6,0.88,0.221,38
2021-04-17T00:00:00.000Z,0.2,7.63,1.3,0.52,2.02,1.472,123
2021-04-18T00:00:00.000Z,0.56,6.18,3.03,1.03,3.9,1.542,37
2021-04-19T00:00:00.000Z,1.12,4.57,3.72,3.22,4.38,0.974,11
2021-04-24T00:00:00.000Z,0.2,1.05,0.52,0.3,1,0.325,5
2021-04-25T00:00:00.000Z,0.2,1.1,0.69,0.52,0.8,0.21,32
2021-04-26T00:00:00.000Z,0.13,1.14,0.38,0.28,0.64,0.283,25
2021-04-27T00:00:00.000Z,0.35,4.75,0.68,0.51,1.3,0.954,21
2021-04-28T00:00:00.000Z,1.05,5.47,3.85,2.8,4.47,1.096,35
2021-04-29T00:00:00.000Z,2.85,9.05,4.8,4.21,6.04,1.548,24
2021-04-30T00:00:00.000Z,1.48,5.63,1.98,1.7,2.29,1.039,33
2021-05-01T00:00:00.000Z,0.5,4.07,2.2,1.34,3.47,1.114,25
2021-05-02T00:00:00.000Z,0.5,5.47,1.01,0.7,2.95,1.657,22
2021-05-03T00:00:00.000Z,0.65,8.5,4.88,1.55,7.1,2.531,14
2021-05-04T00:00:00.000Z,0.68,10.13,1.6,0.96,7.07,3.329,13
2021-05-05T00:00:00.000Z,0.3,1.08,0.8,0.7,1,0.211,11
2021-05-06T00:00:00.000Z,0.1,1.3,0.56,0.49,0.85,0.324,12
2021-05-07T00:00:00.000Z,0.3,3.2,1.1,0.7,1.74,0.656,57
2021-05-08T00:00:00.000Z,0.5,4.53,1.55,0.9,2.23,1.047,112
2021-05-09T00:00:00.000Z,1.42,7.88,3.3,2.72,4.03,1.068,127
2021-05-10T00:00:00.000Z,0.85,4.65,2.1,1.8,2.72,0.916,122
2021-05-11T00:00:00.000Z,0.3,3.05,1.23,0.6,1.7,0.767,111
2021-05-12T00:00:00.000Z,1.25,15.65,4.75,2.33,5.82,2.47,107
2021-05-13T00:00:00.000Z,2.83,15.43,6.38,3.97,9.27,3.158,123
2021-05-14T00:00:00.000Z,2.04,14.52,5.35,4.29,7.37,2.21,113
2021-05-15T00:00:00.000Z,1.5,11.93,3.97,2.29,9.44,3.546,125
2021-05-16T00:00:00.000Z,0.7,12.48,5.55,2.67,9.82,3.577,131
2021-05-17T00:00:00.000Z,0.43,8.23,2.45,1.02,3.53,1.595,115
2021-05-18T00:00:00.000Z,1,11.35,2.65,1.94,4.37,2.104,104
2021-05-19T00:00:00.000Z,0.4,4.97,1.3,1,1.94,0.798,132
2021-05-20T00:00:00.000Z,0.4,5.55,1.83,0.8,4.44,1.866,113
2021-05-23T00:00:00.000Z,0.3,1.83,0.82,0.6,1.1,0.375,63
2021-05-24T00:00:00.000Z,0.93,4.07,1.95,1.7,2.45,0.623,127
2021-05-25T00:00:00.000Z,0.35,2.67,1.41,1.02,1.7,0.456,134
2021-05-29T00:00:00.000Z,1.08,9.8,2.85,2.13,3.9,1.628,86
2021-05-30T00:00:00.000Z,1.52,10.77,3.95,2.54,6.74,2.695,145
2021-05-31T00:00:00.000Z,1.4,6.88,3.28,2.21,4.69,1.544,120
2021-06-01T00:00:00.000Z,0.4,9.57,3.78,0.83,5.15,2.629,146
2021-06-02T00:00:00.000Z,1.6,8.77,2.4,2.13,2.9,1.231,138
2021-06-03T00:00:00.000Z,1.2,3.75,2.04,1.77,2.58,0.555,131
2021-06-04T00:00:00.000Z,1.48,6.8,3.13,2.5,3.71,0.841,141
2021-06-05T00:00:00.000Z,1.23,4.57,2.22,1.75,2.8,0.704,139
2021-06-06T00:00:00.000Z,1.17,4.34,2.15,1.73,3.13,0.831,167
2021-06-07T00:00:00.000Z,2,5.65,2.8,2.5,3.26,0.757,261
2021-06-08T00:00:00.000Z,0.5,6.72,1.4,1.02,3.3,1.513,197
2021-06-09T00:00:00.000Z,0.68,4.7,1.5,1.2,3.1,1.046,216
2021-06-10T00:00:00.000Z,1.1,5.7,2.15,1.6,3.05,1.06,154
2021-06-11T00:00:00.000Z,0.73,4.88,2.25,1.38,3.39,1.074,157
2021-06-12T00:00:00.000Z,0.8,4.57,1.83,1.63,2.17,0.583,142
2021-06-13T00:00:00.000Z,1.2,4.88,2.21,1.77,3.53,0.955,146
2021-06-14T00:00:00.000Z,0.3,4.4,2.08,1.6,2.63,0.847,163
2021-06-15T00:00:00.000Z,0.2,2.17,0.85,0.63,1.08,0.339,174
2021-06-16T00:00:00.000Z,0.38,1.85,1.1,0.9,1.3,0.286,151
2021-06-17T00:00:00.000Z,1.08,7.73,1.94,1.6,3.75,1.56,128
2021-06-18T00:00:00.000Z,4.5,17.57,8.15,6.89,9.09,2.174,205
2021-06-19T00:00:00.000Z,1.58,8.9,5.82,2.58,6.75,2.233,222
2021-06-20T00:00:00.000Z,0.25,14.13,3.15,1.25,4.4,2.966,251
2021-06-21T00:00:00.000Z,0.4,2.63,1.08,0.82,1.4,0.478,226
2021-06-22T00:00:00.000Z,0.9,4.03,1.9,1.57,2.4,0.561,194
2021-06-23T00:00:00.000Z,0.5,9.94,2.9,1.23,3.4,1.41,169
2021-06-24T00:00:00.000Z,0.82,15.38,1.9,1.44,7.17,4.027,56
2021-06-25T00:00:00.000Z,1.35,3.9,2.85,2.4,3.45,0.662,47
2021-06-26T00:00:00.000Z,1.1,4.9,2.67,1.59,3.26,0.992,73
2021-06-27T00:00:00.000Z,0.98,4.95,1.73,1.38,2.63,0.918,48
2021-06-28T00:00:00.000Z,0.4,3.2,1.33,0.93,1.88,0.655,82
2021-06-29T00:00:00.000Z,0.52,3.13,1.24,0.98,1.8,0.651,110
2021-06-30T00:00:00.000Z,1.3,4.4,2.67,2.13,3.46,0.833,85
2021-07-01T00:00:00.000Z,0.2,4.59,2.22,1.11,2.82,1.112,37
2021-07-02T00:00:00.000Z,0.85,4.9,1.6,1.23,2.42,1.146,39
2021-07-03T00:00:00.000Z,3.65,8.43,4.84,4.4,5.38,0.852,38
2021-07-04T00:00:00.000Z,1,6.03,3.96,2.46,5.63,1.673,28
2021-07-05T00:00:00.000Z,4.88,10.48,7.65,6.82,8.85,1.587,11
2021-07-06T00:00:00.000Z,0.65,4.09,1.75,1.34,3.14,1.079,21
2021-07-07T00:00:00.000Z,0.6,1.95,1,0.88,1.2,0.26,68
2021-07-08T00:00:00.000Z,0.98,4.53,1.6,1.27,2.23,0.931,29
2021-07-09T00:00:00.000Z,0.4,4.38,1,0.9,1.39,0.995,52
2021-07-10T00:00:00.000Z,0.5,4.68,1.7,1.4,2.1,0.642,87
2021-07-11T00:00:00.000Z,0.88,3.58,1.52,1.1,2.04,0.52,119
2021-07-12T00:00:00.000Z,1.48,6.4,2.29,1.97,3.4,1.048,106
2021-07-17T00:00:00.000Z,0.73,5.78,1.42,1.17,1.73,0.782,112
2021-07-18T00:00:00.000Z,0.8,5.75,2.21,1.52,3.03,1.187,186
2021-07-19T00:00:00.000Z,0.6,3.38,1.95,1.33,2.33,0.599,195
2021-07-20T00:00:00.000Z,0.9,6,2.15,1.55,2.54,1.182,174
2021-07-21T00:00:00.000Z,0.56,4.28,2.04,1.52,2.7,0.766,216
2021-07-22T00:00:00.000Z,1.33,4.5,2.38,1.75,3.3,0.824,195
2021-07-23T00:00:00.000Z,1.6,6.22,3.55,3.08,4.07,0.832,223
2021-07-24T00:00:00.000Z,1.85,5.55,3.55,3.1,4.05,0.801,238
2021-07-25T00:00:00.000Z,0.95,4.47,2.25,1.67,2.8,0.728,255
2021-07-26T00:00:00.000Z,2.2,11.95,7.78,3.65,9.15,2.802,238
2021-07-27T00:00:00.000Z,1.5,18.52,8.91,3.8,10.3,3.674,254
2021-07-28T00:00:00.000Z,1.5,7.07,3.25,2.04,4.53,1.472,271
2021-07-29T00:00:00.000Z,0.3,2.45,1.58,1.1,1.85,0.49,234
2021-07-30T00:00:00.000Z,0.8,2.6,1.51,1.2,1.8,0.384,188
2021-07-31T00:00:00.000Z,0.65,3.33,1.9,1.12,2.47,0.731,205
2021-08-01T00:00:00.000Z,0.35,3.1,0.8,0.6,1.85,0.721,175
2021-08-02T00:00:00.000Z,0.4,2.04,0.93,0.77,1.2,0.328,183
2021-08-03T00:00:00.000Z,0.4,3.6,0.98,0.7,1.2,0.392,162
2021-08-04T00:00:00.000Z,0.4,2.04,0.86,0.7,1.21,0.358,148
2021-08-05T00:00:00.000Z,0.6,2.85,1.1,0.95,1.66,0.494,188
2021-08-06T00:00:00.000Z,0.5,2.43,1.07,0.8,1.35,0.355,191
2021-08-07T00:00:00.000Z,0.5,8.02,1.17,0.9,5.26,2.3,213
2021-08-08T00:00:00.000Z,0.3,4,1,0.73,1.73,0.736,172
2021-08-09T00:00:00.000Z,0.5,3.83,1.74,1.33,2.37,0.708,114
2021-08-10T00:00:00.000Z,1.08,3.13,1.9,1.63,2.21,0.434,196
2021-08-11T00:00:00.000Z,0.3,3.27,1.5,1.1,2,0.595,182
2021-08-12T00:00:00.000Z,1.08,3.45,1.9,1.7,2.25,0.445,207
2021-08-13T00:00:00.000Z,1.14,6.28,2.65,2.08,3.34,0.993,364
2021-08-14T00:00:00.000Z,1.17,5.05,2.2,1.95,2.52,0.493,344
2021-08-15T00:00:00.000Z,0.52,3.67,1.67,1.3,1.98,0.458,338
2021-08-16T00:00:00.000Z,0.2,3.77,0.8,0.6,1.1,0.808,335
2021-08-17T00:00:00.000Z,0.32,3.08,0.98,0.8,1.45,0.591,355
2021-08-18T00:00:00.000Z,0.2,3.25,1.85,1.12,2.17,0.714,342
2021-08-19T00:00:00.000Z,0.35,2.67,1.14,0.93,1.48,0.409,410
2021-08-20T00:00:00.000Z,0.3,15.45,0.98,0.7,1.42,0.908,391
2021-08-21T00:00:00.000Z,0.4,4.33,0.93,0.8,1.4,0.801,405
2021-08-22T00:00:00.000Z,0.67,250.93,1.73,1.19,3.47,14.001,380
2021-08-23T00:00:00.000Z,0.4,4.09,1.25,1.05,1.5,0.388,359
2021-08-24T00:00:00.000Z,0.7,81.56,1.7,1.38,2,4.855,417
2021-08-25T00:00:00.000Z,0,3.72,1.49,1.12,2.33,0.805,406
2021-08-26T00:00:00.000Z,0,1,0.3,0.2,0.4,0.163,262
2021-08-27T00:00:00.000Z,0.1,5.4,0.6,0.4,2.23,1.224,291
2021-08-28T00:00:00.000Z,0.1,2.75,0.5,0.32,1.08,0.482,274
2021-08-29T00:00:00.000Z,0.3,6.78,4.55,1.7,5.55,1.961,277
2021-08-30T00:00:00.000Z,2.2,4.59,3.08,2.83,3.53,0.492,410
2021-08-31T00:00:00.000Z,1.42,4.5,2.7,2.4,3.15,0.565,402
2021-09-01T00:00:00.000Z,1.14,4.93,2.52,2,2.85,0.546,378
2021-09-02T00:00:00.000Z,0.2,7.5,3.45,1.67,5.13,2.041,435
2021-09-03T00:00:00.000Z,3.15,120.72,4.47,3.97,6.73,6.654,437
2021-09-04T00:00:00.000Z,0.53,6.63,1.75,1.08,3.34,1.445,449
2021-09-05T00:00:00.000Z,0.2,1.8,0.6,0.5,0.9,0.35,397
2021-09-06T00:00:00.000Z,0.32,4.05,1.75,0.88,2.22,0.854,394
2021-09-07T00:00:00.000Z,2.04,8.63,3.45,2.9,4.23,1.376,370
2021-09-08T00:00:00.000Z,3.7,19.73,6.15,5.57,6.68,1.515,455
2021-09-09T00:00:00.000Z,5.43,13.47,8.63,7.49,10.07,1.738,404
2021-09-10T00:00:00.000Z,6.38,21.83,10.14,7.78,13.38,3.319,458
2021-09-11T00:00:00.000Z,1.3,26.87,6.7,4.34,14.3,6.944,461
2021-09-12T00:00:00.000Z,0.3,14.7,0.93,0.7,2.47,3.879,446
2021-09-13T00:00:00.000Z,0.33,87.45,1.48,1.2,1.75,4.03,459
2021-09-14T00:00:00.000Z,0.32,1.95,0.95,0.76,1.27,0.33,461
2021-09-15T00:00:00.000Z,0.9,5.32,2.2,1.39,3.49,1.135,453
2021-09-16T00:00:00.000Z,0.2,18.17,1.1,0.6,7.13,4.967,451
2021-09-17T00:00:00.000Z,0,1.63,0.28,0.17,0.5,0.256,444
2021-09-18T00:00:00.000Z,0.4,2.29,1.5,1.15,1.7,0.398,400
2021-09-19T00:00:00.000Z,0.5,2.47,1.1,0.88,1.4,0.366,437
2021-09-20T00:00:00.000Z,1.1,5.25,2.54,2.04,3.67,0.971,457
2021-09-21T00:00:00.000Z,1.6,6.72,3.42,2.85,4.13,0.838,451
2021-09-22T00:00:00.000Z,1.42,59.22,3,2.2,3.56,3.313,452
2021-09-23T00:00:00.000Z,0.22,8.69,2.95,2.2,3.5,0.984,458
2021-09-24T00:00:00.000Z,0.8,4.87,2.04,1.77,2.47,0.679,451
2021-09-25T00:00:00.000Z,0.82,5.3,2.13,1.7,2.63,0.72,452
2021-09-26T00:00:00.000Z,1.23,3.67,2.08,1.83,2.38,0.459,455
2021-09-27T00:00:00.000Z,1.4,18.87,5.9,4.65,7.6,3.328,445
2021-09-28T00:00:00.000Z,0.43,18.7,1.82,1.25,2.5,4.127,456
2021-09-29T00:00:00.000Z,0.47,9.93,2.38,1.4,4.63,2.573,449
2021-09-30T00:00:00.000Z,0.13,2.17,0.9,0.53,1.2,0.417,444
2021-10-01T00:00:00.000Z,0.63,2.2,1.14,1,1.3,0.23,446
2021-10-02T00:00:00.000Z,0.95,5.85,2.7,1.6,3.9,1.256,443
2021-10-03T00:00:00.000Z,0,8.17,6,4.67,6.78,1.862,454
2021-10-04T00:00:00.000Z,0.03,2.6,1.3,0.9,1.57,0.507,452
2021-10-05T00:00:00.000Z,0.3,4.65,1.67,0.7,2.33,0.991,461
2021-10-06T00:00:00.000Z,0.6,9.67,3.55,1.52,5.13,2.226,451
2021-10-07T00:00:00.000Z,0.8,12.18,3.83,2.38,7,2.888,454
2021-10-08T00:00:00.000Z,1.42,12.53,3.93,2.57,6.47,2.536,458
2021-10-09T00:00:00.000Z,3,17.52,7.1,4.78,13,4.206,451
2021-10-10T00:00:00.000Z,3.75,12.25,6.22,5.67,6.87,1.167,460
2021-10-11T00:00:00.000Z,0.28,17.52,1.39,1.06,2.62,4.726,460
2021-10-12T00:00:00.000Z,0,2.33,0.52,0.3,0.77,0.33,458
2021-10-13T00:00:00.000Z,0.2,3.17,0.75,0.53,1,0.363,452
2021-10-14T00:00:00.000Z,0.1,3.47,1.17,0.72,1.64,0.703,453
2021-10-15T00:00:00.000Z,0.32,8.57,1.94,1.35,2.5,0.851,454
2021-10-16T00:00:00.000Z,0.4,2.73,1.17,0.9,1.76,0.514,460
2021-10-17T00:00:00.000Z,0.3,3.2,1.3,0.88,1.75,0.585,446
2021-10-18T00:00:00.000Z,0.28,3.9,1,0.77,1.38,0.734,449
2021-10-19T00:00:00.000Z,1.3,18.7,9.75,6.35,12.57,3.62,459
2021-10-20T00:00:00.000Z,0.95,16,6.48,2.97,10.27,4.043,450
2021-10-21T00:00:00.000Z,0.3,2.95,1.6,1.12,1.97,0.533,454
2021-10-22T00:00:00.000Z,0.2,3.25,1.1,0.7,1.92,0.747,455
2021-10-23T00:00:00.000Z,0.7,8.44,2.15,1.52,2.78,1.26,451
2021-10-24T00:00:00.000Z,0.7,3.67,1.45,1.2,1.8,0.477,447
2021-10-25T00:00:00.000Z,1.43,16.2,5.55,3.42,8.43,3.299,454
2021-10-26T00:00:00.000Z,0.47,18.67,4.51,1.6,11.77,5.437,454
2021-10-27T00:00:00.000Z,1.4,10.4,2.87,2.29,5.99,2.391,445
2021-10-28T00:00:00.000Z,1.75,11,6.75,3.47,8.07,2.515,436
2021-10-29T00:00:00.000Z,5.25,21.4,11.02,8.93,14.77,3.458,451
2021-10-30T00:00:00.000Z,10.1,25.33,16.77,14.4,19.48,3.662,452
2021-10-31T00:00:00.000Z,3.53,19.85,12.39,9.73,14.73,3.636,452
2021-11-01T00:00:00.000Z,0.77,15.88,2.38,1.85,10.48,4.976,430
2021-11-02T00:00:00.000Z,1.02,12.45,4.78,2.9,8.15,2.99,430
2021-11-03T00:00:00.000Z,4.63,18.57,8.88,7.35,11.8,3.417,447
2021-11-04T00:00:00.000Z,1.35,17.55,8.94,3.89,13.21,4.935,376
2021-11-05T00:00:00.000Z,0.2,3.97,1.04,0.7,1.42,0.703,450
2021-11-06T00:00:00.000Z,0.5,9.52,2.17,1.34,5.03,2.606,452
2021-11-07T00:00:00.000Z,0.25,9.1,1.65,1.25,2.1,1.797,446
2021-11-08T00:00:00.000Z,0.1,3.6,0.6,0.43,0.98,0.524,372
2021-11-09T00:00:00.000Z,0.2,7.65,2,0.88,5.07,2.136,446
2021-11-10T00:00:00.000Z,5.53,17.27,9.28,6.96,12.63,3.144,428
2021-11-11T00:00:00.000Z,0.2,16.67,2,1.29,8.69,4.89,429
2021-11-12T00:00:00.000Z,1.7,8.48,3.65,2.9,4.97,1.404,413
2021-11-13T00:00:00.000Z,5.9,40,24.2,19.57,27.85,7.928,452
2021-11-14T00:00:00.000Z,1.95,21.38,5.8,3.5,10,4.504,442
2021-11-15T00:00:00.000Z,3.13,15.3,8.64,6.22,11.64,3.042,440
2021-11-16T00:00:00.000Z,5.25,18.92,10.26,7.82,13.07,3.186,446
2021-11-17T00:00:00.000Z,1.12,16.05,5.3,2.2,6.7,3.294,335
2021-11-18T00:00:00.000Z,0.22,3.5,1.33,0.88,1.89,0.723,425
2021-11-19T00:00:00.000Z,0.5,5.38,2.8,2.08,3.33,0.975,416
2021-11-20T00:00:00.000Z,0.1,6.03,1.14,0.88,1.63,1.388,432
2021-11-21T00:00:00.000Z,0.1,4.73,0.77,0.43,1.33,0.613,450
2021-11-22T00:00:00.000Z,0.23,2.4,0.9,0.65,1.3,0.427,207
2021-11-24T00:00:00.000Z,3.25,8.98,5.72,4.07,7.2,1.678,71
2021-11-25T00:00:00.000Z,0.45,13.43,5.9,1.4,8.83,3.863,451
2021-11-26T00:00:00.000Z,0.43,4.05,1.4,1.02,2,0.729,450
2021-11-27T00:00:00.000Z,0.5,6.9,2.75,1.9,3.9,1.447,449
2021-11-28T00:00:00.000Z,0.56,6.3,2.37,1.9,2.9,0.933,443
2021-11-29T00:00:00.000Z,0.4,11.98,1.3,0.93,2.72,2.552,451
2021-11-30T00:00:00.000Z,0.2,12.6,1.77,1.25,2.95,2.223,447
2021-12-01T00:00:00.000Z,0.1,4.38,0.98,0.68,1.33,0.879,430
2021-12-02T00:00:00.000Z,0,6.47,1.12,0.8,1.5,0.772,439
2021-12-03T00:00:00.000Z,0.45,2.22,1.05,0.86,1.33,0.367,193
2021-12-04T00:00:00.000Z,0.7,6.93,2.78,2.1,3.53,1.259,430
2021-12-05T00:00:00.000Z,0.63,2.13,1.2,1.05,1.33,0.224,436
2021-12-06T00:00:00.000Z,0.43,1.75,0.9,0.73,1.08,0.228,448
2021-12-07T00:00:00.000Z,0.43,14.13,3.33,1.17,6.55,3.035,447
2021-12-08T00:00:00.000Z,11.15,28.35,18.73,16.55,22.73,3.704,435
2021-12-09T00:00:00.000Z,11.18,29.67,21.8,19.17,24.85,3.724,443
2021-12-10T00:00:00.000Z,6.07,23.58,15.49,11.54,19.48,4.536,440
2021-12-11T00:00:00.000Z,5.03,13.1,8.18,7.05,9.93,1.912,439
2021-12-12T00:00:00.000Z,2,19.67,7.72,5.85,10.06,3.893,433
2021-12-13T00:00:00.000Z,3.25,14.27,8.35,6.3,9.82,2.191,438
2021-12-14T00:00:00.000Z,0.56,10.57,5.22,1.92,7.15,2.81,443
2021-12-15T00:00:00.000Z,1.38,12.65,4.2,2.8,6.97,2.734,443
2021-12-16T00:00:00.000Z,1.08,7.53,4.09,3.47,4.57,1.134,439
2021-12-17T00:00:00.000Z,3.35,9.57,5.43,4.63,6.35,1.216,442
2021-12-18T00:00:00.000Z,0.52,6.72,3.03,1.83,3.65,1.148,444
2021-12-19T00:00:00.000Z,0.2,4.3,1.6,1,2.42,0.91,437
2021-12-20T00:00:00.000Z,0.4,8.4,1.2,0.9,3.42,2.176,426
2021-12-21T00:00:00.000Z,0.32,8.44,1.88,0.9,3.23,2.031,446
2021-12-22T00:00:00.000Z,4.68,20.17,12.03,9.88,13.07,3.075,444
2021-12-23T00:00:00.000Z,6.2,22.8,14.7,12.52,17,3.294,427
2021-12-24T00:00:00.000Z,0.1,30.63,0.98,0.6,9.38,5.454,432
2021-12-25T00:00:00.000Z,0.1,17.85,2.17,0.6,3.22,2.207,429
2021-12-26T00:00:00.000Z,0.32,20.92,3.22,2.15,6.43,2.868,434
2021-12-27T00:00:00.000Z,0.13,24.95,2.61,1.2,6.57,6.106,418
2021-12-28T00:00:00.000Z,20.7,54.08,36.21,32.38,41.67,6.705,436
2021-12-29T00:00:00.000Z,27.17,52.78,36.03,34.1,40.15,4.955,446
2021-12-30T00:00:00.000Z,3.4,31.23,8.55,6.05,11.45,4.342,444
2021-12-31T00:00:00.000Z,0.1,414.02,2.58,0.95,7.47,29.658,439
2022-01-01T00:00:00.000Z,2.88,56,6.85,5.4,13.64,6.222,457
2022-01-02T00:00:00.000Z,0.55,14.55,8.38,2.2,11.1,4.333,450
2022-01-03T00:00:00.000Z,1.52,6.5,3.71,2.47,4.65,1.206,444
2022-01-04T00:00:00.000Z,0.43,5.4,1.52,0.93,1.98,0.89,404
2022-01-05T00:00:00.000Z,0.17,4.5,1.4,1,1.7,0.516,448
2022-01-06T00:00:00.000Z,0.47,5.72,1.19,0.88,3.13,1.336,442
2022-01-07T00:00:00.000Z,3.67,18.63,11.4,7.1,13.56,3.85,453
2022-01-08T00:00:00.000Z,1.1,15.25,5.78,2.69,8.27,3.102,433
2022-01-09T00:00:00.000Z,4.43,999.9,6.99,6.05,13.09,101.465,444
2022-01-10T00:00:00.000Z,4.88,33.47,17.38,10.17,24.4,7.26,434
2022-01-11T00:00:00.000Z,5.2,35.83,22.72,17.82,24.83,7.294,446
2022-01-12T00:00:00.000Z,2.13,17.88,4.8,3.42,10.69,4.76,452
2022-01-13T00:00:00.000Z,0.97,4.59,2.47,1.88,3.1,0.752,445
2022-01-14T00:00:00.000Z,1.14,16.2,4.09,2.73,4.68,1.341,430
2022-01-15T00:00:00.000Z,3.22,11.7,4.72,4.3,5.33,0.969,449
2022-01-16T00:00:00.000Z,2.08,20.7,9.43,3.38,16.64,6.345,449
2022-01-17T00:00:00.000Z,0.97,7.6,2.29,1.92,2.63,0.614,454
2022-01-18T00:00:00.000Z,0.52,8.85,2.9,2.2,4.03,1.643,447
2022-01-19T00:00:00.000Z,1.27,26.4,16.5,9.19,19.75,7.027,451
2022-01-20T00:00:00.000Z,0.5,3.57,1.27,1.08,1.6,0.424,455
2022-01-21T00:00:00.000Z,0.6,8.38,1.42,1.14,2.1,0.857,435
2022-01-22T00:00:00.000Z,0.4,12.85,1.97,1.3,4.65,3.281,447
2022-01-23T00:00:00.000Z,0.98,8.4,2.4,1.88,4.21,1.839,445
2022-01-24T00:00:00.000Z,0.98,9.43,2.62,2.04,5.28,2.252,448
2022-01-25T00:00:00.000Z,0.77,8.69,2.15,1.4,4.29,1.992,452
2022-01-26T00:00:00.000Z,1.1,10.18,4.8,3.6,6.49,2.228,437
2022-01-27T00:00:00.000Z,1.6,6.57,3.27,2.83,3.83,0.836,451
2022-01-28T00:00:00.000Z,0.2,4.3,2.02,0.9,2.72,1.03,454
2022-01-29T00:00:00.000Z,0.56,8.93,4.13,2.75,5.53,1.833,461
2022-01-30T00:00:00.000Z,1.52,7.53,2.72,2.33,4.09,1.466,454
2022-01-31T00:00:00.000Z,1.67,6.05,3.46,2.95,3.93,0.791,454
2022-02-01T00:00:00.000Z,0.4,6.53,2.29,1.63,4.15,1.549,422
2022-02-02T00:00:00.000Z,0.35,6.28,2.2,1,3.3,1.411,358
2022-02-03T00:00:00.000Z,0.9,21,7.27,2.98,13.99,5.96,420
2022-02-04T00:00:00.000Z,0.1,26.15,11.05,1.48,15.63,7.557,440
2022-02-05T00:00:00.000Z,0.56,4.3,2.33,1.8,2.7,0.7,444
2022-02-06T00:00:00.000Z,0.2,3.7,0.98,0.68,1.3,0.475,446
2022-02-07T00:00:00.000Z,0.6,6.38,3.53,2,4.28,1.343,449
2022-02-08T00:00:00.000Z,0.5,7.28,2.63,1.8,3.55,1.208,442
2022-02-09T00:00:00.000Z,0.4,4.32,2.27,1.86,2.7,0.723,432
2022-02-10T00:00:00.000Z,1.08,3.67,2.4,2.02,2.72,0.485,426
2022-02-11T00:00:00.000Z,0.7,4.93,1.95,1.37,2.33,0.705,439
2022-02-12T00:00:00.000Z,0.95,4.13,2.2,1.87,2.63,0.565,449
2022-02-13T00:00:00.000Z,1.4,5.38,3.78,2.85,4.22,0.893,455
2022-02-14T00:00:00.000Z,1.58,6.05,3.65,2.8,4.34,0.926,453
2022-02-15T00:00:00.000Z,0.73,15.05,2.7,1.67,5.88,3.574,452
2022-02-16T00:00:00.000Z,0.35,10.15,3.9,2.27,5.88,2.218,451
2022-02-17T00:00:00.000Z,0.22,5.82,1.27,0.9,1.88,1.094,450
2022-02-18T00:00:00.000Z,0.1,4.75,2.7,1.7,3.22,1.01,443
2022-02-19T00:00:00.000Z,0.52,3.55,1.41,1.1,1.99,0.663,440
2022-02-20T00:00:00.000Z,0.27,5.68,1.38,1.05,1.67,0.869,447
2022-02-21T00:00:00.000Z,0.3,4.8,1.77,1.3,2.8,1.098,445
2022-02-22T00:00:00.000Z,0.2,30.05,1.48,1.1,3.05,1.873,458
2022-02-23T00:00:00.000Z,1.12,6.43,2.9,2.23,3.75,1.008,446
2022-02-24T00:00:00.000Z,0,4.84,2.29,1.9,2.7,1,447
2022-02-25T00:00:00.000Z,0.35,4.83,1.5,1.1,2.2,0.928,441
2022-02-26T00:00:00.000Z,0.25,8.13,1.14,0.8,1.9,1.328,446
2022-02-27T00:00:00.000Z,0.3,3.95,1.57,0.9,2.5,0.877,450
2022-02-28T00:00:00.000Z,0.73,10.05,5.24,4.01,6.2,2.353,456
2022-03-01T00:00:00.000Z,5.07,16.85,8.9,7.12,11.19,2.632,448
2022-03-02T00:00:00.000Z,4.22,21.6,9.69,6.9,14.25,4.175,421
2022-03-03T00:00:00.000Z,0.2,8.27,2.89,1.85,4.43,1.545,388
2022-03-04T00:00:00.000Z,0.38,5.22,1,0.73,2.5,0.997,380
2022-03-05T00:00:00.000Z,0.2,3.7,0.88,0.55,1.47,0.722,339
2022-03-06T00:00:00.000Z,1.08,8.69,2.67,2.2,3.25,1.162,345
2022-03-07T00:00:00.000Z,0.3,12.65,1.35,0.88,2.25,2.452,314
2022-03-08T00:00:00.000Z,1.5,20.32,5.28,3.5,8.07,4.162,353
2022-03-09T00:00:00.000Z,4.22,18.92,9.85,8.18,13.85,3.293,375
2022-03-10T00:00:00.000Z,0.7,23.15,5.59,3.58,8.11,5.313,340
2022-03-11T00:00:00.000Z,3.45,9.38,6.9,5.3,7.95,1.527,431
2022-03-12T00:00:00.000Z,4.03,10.43,7.66,5.88,8.65,1.579,332
2022-03-13T00:00:00.000Z,5.4,13.45,10.68,9.1,11.45,1.639,442
2022-03-14T00:00:00.000Z,7.8,26.05,20.65,16.98,22.5,4.52,448
2022-03-15T00:00:00.000Z,5.88,38.53,17.07,8.27,25.75,9.589,442
2022-03-16T00:00:00.000Z,5.4,51.42,16.94,11.19,24.6,12.937,448
2022-03-17T00:00:00.000Z,2.35,57.67,27.92,5.82,45.45,18.337,450
2022-03-18T00:00:00.000Z,1.65,5.88,3.26,2.47,4.4,1.093,426
2022-03-19T00:00:00.000Z,0.2,11.88,2.09,1,3.38,2.223,434
2022-03-20T00:00:00.000Z,4.2,14.95,10.4,6.93,11.45,2.625,443
2022-03-21T00:00:00.000Z,10.27,19.07,12.85,11.98,14.55,1.806,427
2022-03-22T00:00:00.000Z,10.19,27.1,16.77,12.29,19.73,4.267,437
2022-03-23T00:00:00.000Z,12.68,29.27,20.13,17.3,24.1,4.131,154
2022-03-24T00:00:00.000Z,9.94,27.35,18.57,14.95,20.95,3.785,435
2022-03-25T00:00:00.000Z,1.38,33.33,9.74,3.72,17.13,7.96,438
2022-03-26T00:00:00.000Z,0.32,15.02,1.88,1.2,2.72,3.903,437
2022-03-27T00:00:00.000Z,0.43,4.22,1.6,1.08,2.13,0.689,424
2022-03-28T00:00:00.000Z,1.45,13.38,5.31,4.2,6.88,2.627,440
2022-03-29T00:00:00.000Z,0.52,5.8,1.95,1.2,3.55,1.285,445
2022-03-30T00:00:00.000Z,0.28,3.25,0.88,0.68,1.33,0.619,434
2022-03-31T00:00:00.000Z,0.1,4.59,0.73,0.5,1.92,0.969,439
2022-04-01T00:00:00.000Z,0.2,5.2,0.9,0.7,1.12,0.816,439
2022-04-02T00:00:00.000Z,0.13,3.3,0.85,0.56,1.3,0.544,431
2022-04-03T00:00:00.000Z,0.3,3.92,1,0.8,1.6,0.678,448
2022-04-04T00:00:00.000Z,0.5,4.95,2.7,1.63,3.4,1.058,434
2022-04-05T00:00:00.000Z,0.1,3.65,1.2,0.9,1.5,0.527,447
2022-04-06T00:00:00.000Z,0,5.9,2.4,1.6,4.18,1.563,452
2022-04-07T00:00:00.000Z,0.3,7.3,1.3,0.9,2,1.192,451
2022-04-08T00:00:00.000Z,0.3,2.25,0.95,0.75,1.33,0.403,445
2022-04-09T00:00:00.000Z,0.6,3.67,1.88,1.55,2.2,0.531,443
2022-04-10T00:00:00.000Z,0.5,4.15,1.67,1.3,2.45,0.792,451
2022-04-11T00:00:00.000Z,0.9,6.15,1.67,1.4,2.02,1.081,445
2022-04-12T00:00:00.000Z,0.7,5.05,2.58,1.6,3.2,0.977,451
2022-04-13T00:00:00.000Z,1.9,28.4,9.3,6.63,11.15,6.345,458
2022-04-14T00:00:00.000Z,2.04,31.67,9.15,4.28,12.93,7.965,451
2022-04-15T00:00:00.000Z,1.14,14.38,2.97,2.2,8.5,3.94,321
2022-04-18T00:00:00.000Z,2.8,4.4,3.78,3.39,3.98,0.422,41
2022-04-19T00:00:00.000Z,0.3,8.8,1.6,1,3.17,1.943,457
2022-04-20T00:00:00.000Z,0.25,3.55,1.3,0.94,2.24,0.764,453
2022-04-21T00:00:00.000Z,0.4,3.5,1.6,1.25,1.99,0.56,449
2022-04-22T00:00:00.000Z,0.3,2.57,0.98,0.7,1.4,0.542,454
2022-04-23T00:00:00.000Z,0.87,5.07,1.77,1.43,2.33,0.808,455
2022-04-24T00:00:00.000Z,0.63,3.95,1.4,1.14,1.7,0.555,450
2022-04-25T00:00:00.000Z,0.47,4.17,1.38,0.95,2.5,0.902,443
2022-04-26T00:00:00.000Z,0.6,7.7,1.92,1.38,3.6,1.416,446
2022-04-27T00:00:00.000Z,0.8,11.4,5.67,3.01,7.49,2.795,457
2022-04-28T00:00:00.000Z,0.35,13.2,1.92,1.21,5.29,3.557,453
2022-04-29T00:00:00.000Z,0.63,6.25,2.5,1.48,3.1,1.09,461
2022-04-30T00:00:00.000Z,1.23,10.48,3.2,2.29,4.63,2.26,457
2022-05-01T00:00:00.000Z,0.4,12.48,2.47,1.53,4.55,3.469,436
2022-05-02T00:00:00.000Z,0.3,6.65,1.38,0.7,2.52,1.444,430
2022-05-03T00:00:00.000Z,1.35,6.53,2.22,2,2.63,1.121,449
2022-05-04T00:00:00.000Z,1.53,14.07,4.97,3.2,9.85,3.547,453
2022-05-05T00:00:00.000Z,0.56,12.73,2.9,1.47,5.88,3.077,455
2022-05-06T00:00:00.000Z,0.3,15.1,2.27,1,10.5,4.807,452
2022-05-07T00:00:00.000Z,0.6,13.4,1.91,1.58,7.79,3.649,456
2022-05-08T00:00:00.000Z,0.4,5.22,1.75,0.9,2.4,0.858,452
2022-05-09T00:00:00.000Z,0.65,6.43,1.33,1.08,1.77,1.316,452
2022-05-10T00:00:00.000Z,0.97,7,3.5,2.31,4.53,1.38,437
2022-05-11T00:00:00.000Z,0.8,9.88,4.09,1.88,6.68,2.567,431
2022-05-12T00:00:00.000Z,0.3,4.28,1.02,0.8,1.33,0.561,438
2022-05-13T00:00:00.000Z,0.2,4.5,1.95,1.4,2.8,0.868,446
2022-05-14T00:00:00.000Z,0.3,4.63,1.1,0.73,3.17,1.285,449
2022-05-15T00:00:00.000Z,0.55,4.18,2.02,1.63,2.29,0.575,452
2022-05-16T00:00:00.000Z,0.52,4.59,1.35,1.1,2.45,0.933,441
2022-05-17T00:00:00.000Z,0.2,6.03,0.8,0.55,2.22,1.262,450
2022-05-18T00:00:00.000Z,0.47,2.17,1.2,1,1.4,0.275,445
2022-05-19T00:00:00.000Z,1.33,22.33,5.56,3.83,10.6,5.614,442
2022-05-20T00:00:00.000Z,0.8,24.48,2.25,1.5,6.25,6.464,446
2022-05-21T00:00:00.000Z,0.2,3.4,0.9,0.68,1.26,0.51,449
2022-05-22T00:00:00.000Z,0.2,2.47,0.96,0.55,1.55,0.582,450
2022-05-23T00:00:00.000Z,0.45,4.55,1.52,1.1,2.02,0.702,445
2022-05-24T00:00:00.000Z,0.63,5.63,2,1.33,2.85,1.069,436
2022-05-25T00:00:00.000Z,0.2,2.8,0.77,0.5,1.2,0.453,442
2022-05-26T00:00:00.000Z,0.35,4,1.17,0.93,1.6,0.716,445
2022-05-27T00:00:00.000Z,0.17,2.83,0.89,0.6,1.2,0.389,440
2022-05-28T00:00:00.000Z,0.1,5.3,0.98,0.5,1.67,0.872,451
2022-05-29T00:00:00.000Z,0.52,12.98,2.25,1.1,3.17,1.659,431
2022-05-30T00:00:00.000Z,0.6,5.55,2.25,1.58,3.45,1.189,436
2022-05-31T00:00:00.000Z,0.35,4.43,1.1,0.8,2.04,0.972,441
2022-06-01T00:00:00.000Z,0.43,6.7,1.92,0.93,2.78,1.318,446
2022-06-02T00:00:00.000Z,0.7,4.43,2.29,1.6,3.3,0.923,371
2022-06-03T00:00:00.000Z,1.67,6.82,3.2,2.83,3.72,0.867,386
2022-06-04T00:00:00.000Z,1.12,7.95,2.25,1.62,4.12,1.405,405
2022-06-05T00:00:00.000Z,0.4,5.57,2.13,1.36,3.39,1.188,428
2022-06-06T00:00:00.000Z,0.8,13.4,4.28,1.84,5.77,2.937,400
2022-06-07T00:00:00.000Z,0.1,3.72,1.17,0.6,1.92,0.849,436
2022-06-08T00:00:00.000Z,0.88,7,2.04,1.45,2.52,1.296,427
2022-06-09T00:00:00.000Z,0.2,9.19,3.1,1.8,4.5,2.072,421
2022-06-10T00:00:00.000Z,0.55,4.38,1.4,1.1,1.98,0.8,426
2022-06-11T00:00:00.000Z,1.1,5.6,2,1.6,2.88,0.895,387
2022-06-12T00:00:00.000Z,0.65,3,1.52,1.3,1.8,0.411,396
2022-06-13T00:00:00.000Z,0.32,3.35,1.23,0.9,1.83,0.639,402
2022-06-14T00:00:00.000Z,0.3,2.73,1.1,0.77,1.4,0.449,383
2022-06-15T00:00:00.000Z,0.2,2.27,1,0.7,1.39,0.442,400
2022-06-16T00:00:00.000Z,0.28,2.47,1.08,0.9,1.3,0.311,391
2022-06-17T00:00:00.000Z,0.4,7.6,2.04,1.19,2.7,1.056,349
2022-06-18T00:00:00.000Z,0.52,5.35,1.65,1.14,2.5,1.024,391
2022-06-19T00:00:00.000Z,0.38,2.38,1.17,0.82,1.42,0.384,386
2022-06-20T00:00:00.000Z,0.3,3.97,1.1,0.85,1.38,0.42,407
2022-06-21T00:00:00.000Z,0.73,3.25,1.6,1.33,1.85,0.387,427
2022-06-22T00:00:00.000Z,0.1,4.5,1.2,0.5,2.25,1.184,416
2022-06-23T00:00:00.000Z,0.95,20.83,2.58,2.04,3.3,2.121,413
2022-06-24T00:00:00.000Z,0.68,6.9,2.72,2.15,3.13,0.899,418
2022-06-25T00:00:00.000Z,1.65,16.93,2.83,2.4,3.88,3.311,435
2022-06-26T00:00:00.000Z,2.92,17.77,6.43,4,11.13,3.819,435
2022-06-27T00:00:00.000Z,0.45,18.64,4.75,3.9,5.63,4.482,446
2022-06-28T00:00:00.000Z,0.43,8.48,1.1,0.93,1.4,0.568,436
2022-06-29T00:00:00.000Z,0.5,3.97,1.25,0.93,1.95,0.695,447
2022-06-30T00:00:00.000Z,0.3,2.29,1.05,0.8,1.38,0.395,444
2022-07-01T00:00:00.000Z,0.22,10.27,3,0.99,3.84,2.191,449
2022-07-02T00:00:00.000Z,0.3,2.29,0.8,0.6,1.05,0.326,452
2022-07-03T00:00:00.000Z,0.5,5.35,2.47,1.42,3,1.088,447
2022-07-04T00:00:00.000Z,0.1,5.78,0.62,0.43,0.93,0.579,426
2022-07-05T00:00:00.000Z,0.15,4.3,0.7,0.5,0.88,0.368,433
2022-07-06T00:00:00.000Z,0.1,11.5,0.75,0.56,0.95,0.832,443
2022-07-07T00:00:00.000Z,0,8.4,0.43,0.2,0.7,0.604,298
2022-07-08T00:00:00.000Z,0.2,3.33,1.26,0.65,1.83,0.729,442
2022-07-09T00:00:00.000Z,0.3,2.22,0.93,0.73,1.1,0.312,453
2022-07-10T00:00:00.000Z,0,2.88,0.38,0.2,1.35,0.725,448
2022-07-11T00:00:00.000Z,0,3.65,0.4,0.25,0.8,0.444,435
2022-07-12T00:00:00.000Z,0.17,5.47,0.7,0.4,1.08,0.616,449
2022-07-13T00:00:00.000Z,0.5,8.15,1.4,1,2.24,0.854,409
2022-07-14T00:00:00.000Z,0.13,7.73,0.7,0.5,0.9,0.563,445
2022-07-15T00:00:00.000Z,0.2,8.67,0.88,0.5,1.38,0.864,423
2022-07-16T00:00:00.000Z,0.2,1.77,0.65,0.5,0.82,0.223,447
2022-07-17T00:00:00.000Z,0.43,3,1,0.8,1.2,0.299,451
2022-07-18T00:00:00.000Z,0.77,6.5,2.2,1.55,3.07,0.948,445
2022-07-19T00:00:00.000Z,1.9,6.65,3.25,2.91,3.92,0.715,428
2022-07-20T00:00:00.000Z,2,19.1,4,3.38,5.3,1.513,442
2022-07-21T00:00:00.000Z,2.5,14.23,6.03,4.3,6.75,2.239,439
2022-07-22T00:00:00.000Z,1.02,9.05,1.73,1.42,2.5,0.994,447
2022-07-23T00:00:00.000Z,0,6.13,0.6,0.3,1.3,0.733,455
2022-07-24T00:00:00.000Z,0.5,8.32,1.5,1.2,1.88,0.905,444
2022-07-25T00:00:00.000Z,1.27,23.05,2.25,1.9,2.92,2.883,454
2022-07-26T00:00:00.000Z,0.2,4.97,0.77,0.56,1.82,0.803,449
2022-07-27T00:00:00.000Z,0.4,3.63,0.95,0.8,1.1,0.278,447
2022-07-28T00:00:00.000Z,0.5,2.88,1,0.82,1.27,0.455,447
2022-07-29T00:00:00.000Z,0.65,2.83,1.45,1.12,2,0.51,446
2022-07-30T00:00:00.000Z,0.22,5.03,0.67,0.5,0.88,0.536,436
2022-07-31T00:00:00.000Z,0.32,9.68,0.8,0.6,1.4,0.757,442
2022-08-01T00:00:00.000Z,0.47,6.9,1.45,1.04,3.4,1.557,404
2022-08-02T00:00:00.000Z,0.32,1.98,1,0.82,1.2,0.289,425
2022-08-03T00:00:00.000Z,0.6,18.27,1.42,1.23,1.8,1.466,434
2022-08-04T00:00:00.000Z,0.9,6.25,2.85,2.35,3.63,0.957,423
2022-08-05T00:00:00.000Z,0.2,22.67,0.95,0.63,1.85,2.463,426
2022-08-06T00:00:00.000Z,0.2,2.95,0.6,0.45,0.85,0.384,420
2022-08-07T00:00:00.000Z,1.23,5.4,2.25,1.85,3,0.84,415
2022-08-08T00:00:00.000Z,0.8,16.1,1.92,1.39,3.49,1.486,413
2022-08-09T00:00:00.000Z,0.3,19.7,1.67,1.25,3.17,1.998,434
2022-08-10T00:00:00.000Z,0.45,5.53,1.25,1,1.52,0.644,433
2022-08-11T00:00:00.000Z,0.4,4.72,1.2,0.8,1.8,0.625,407
2022-08-12T00:00:00.000Z,0.3,7.05,1.42,0.77,2.45,1.595,435
2022-08-13T00:00:00.000Z,0.68,15.75,2.1,1.2,3.89,1.826,433
2022-08-14T00:00:00.000Z,0.82,8.5,1.6,1.38,2.08,1.891,438
2022-08-15T00:00:00.000Z,1.35,11.38,7.55,3.45,8.68,2.833,429
2022-08-16T00:00:00.000Z,2.58,12.82,5.96,4.57,7.38,1.944,434
2022-08-17T00:00:00.000Z,5,20.17,8.3,7.15,9.94,3.123,415
2022-08-18T00:00:00.000Z,3.6,23.1,8.74,6.6,11.41,3.769,432
2022-08-19T00:00:00.000Z,4.2,28.1,13,11.02,15.75,4.967,450
2022-08-20T00:00:00.000Z,0.52,17.23,2.1,1.29,4.53,3.75,436
2022-08-21T00:00:00.000Z,0.55,6.22,1.2,1,1.5,0.542,443
2022-08-22T00:00:00.000Z,0.47,6.85,1.1,0.9,1.3,0.494,415
2022-08-23T00:00:00.000Z,0.4,3.35,1,0.8,1.4,0.441,448
2022-08-24T00:00:00.000Z,0.4,5.82,1.12,0.85,1.5,0.546,434
2022-08-25T00:00:00.000Z,0.5,3.9,1.45,1.12,1.9,0.679,419
2022-08-26T00:00:00.000Z,1.83,19.48,3.55,3.05,4.03,1.131,435
2022-08-27T00:00:00.000Z,0.5,9.19,2.5,1.95,4.37,1.833,451
2022-08-28T00:00:00.000Z,0.37,7.68,2.02,1.26,4.72,1.977,448
2022-08-29T00:00:00.000Z,0.08,2.52,0.5,0.3,0.63,0.292,450
2022-08-30T00:00:00.000Z,0,1.17,0.3,0.2,0.5,0.214,447
2022-08-31T00:00:00.000Z,0.1,3,0.4,0.3,0.56,0.262,446
2022-09-01T00:00:00.000Z,0.1,2,0.52,0.3,0.8,0.338,445
2022-09-02T00:00:00.000Z,0.2,2.27,0.6,0.47,0.85,0.408,435
2022-09-03T00:00:00.000Z,0.17,6.63,0.47,0.38,0.6,0.367,430
2022-09-04T00:00:00.000Z,0.1,0.93,0.43,0.36,0.56,0.143,380
2022-09-05T00:00:00.000Z,0.1,0.97,0.4,0.3,0.5,0.138,397
2022-09-06T00:00:00.000Z,0.05,0.82,0.3,0.2,0.4,0.134,444
2022-09-07T00:00:00.000Z,0.2,1.85,0.8,0.65,1,0.255,439
2022-09-08T00:00:00.000Z,0.45,3.1,1,0.8,1.3,0.63,415
2022-09-09T00:00:00.000Z,1.4,7.4,3.7,2.33,4.9,1.474,445
2022-09-10T00:00:00.000Z,0.2,5.93,1.1,0.75,1.7,1.219,441
2022-09-11T00:00:00.000Z,0.1,11.05,0.63,0.32,0.92,0.893,448
2022-09-12T00:00:00.000Z,0.4,4.38,1.33,1.05,1.85,0.751,410
2022-09-13T00:00:00.000Z,0.2,6.97,1,0.7,1.6,1.426,438
2022-09-14T00:00:00.000Z,0.2,1.43,0.73,0.56,0.93,0.254,446
2022-09-15T00:00:00.000Z,0.4,2.47,1.08,0.8,1.35,0.366,450
2022-09-16T00:00:00.000Z,0.1,3.2,0.77,0.55,1.12,0.406,444
2022-09-17T00:00:00.000Z,0,5.78,0.55,0.25,0.97,0.542,448
2022-09-18T00:00:00.000Z,0,2.6,0.6,0.3,1.2,0.619,446
2022-09-19T00:00:00.000Z,0,3.47,0.4,0.3,0.56,0.279,441
2022-09-20T00:00:00.000Z,0,1.5,0.3,0.2,0.5,0.229,424
2022-09-21T00:00:00.000Z,0,24.98,0.85,0.3,2.06,1.886,443
2022-09-22T00:00:00.000Z,0.1,6.22,1.12,0.5,1.75,0.861,445
2022-09-23T00:00:00.000Z,0.4,19.23,1.08,0.77,1.42,1.375,432
2022-09-24T00:00:00.000Z,1.42,10.57,2.5,2.04,3.88,2.264,446
2022-09-25T00:00:00.000Z,0.7,16.13,5.43,3.47,9.23,3.695,447
2022-09-26T00:00:00.000Z,0.3,1.73,0.93,0.7,1.2,0.307,421
2022-09-27T00:00:00.000Z,0.2,4.25,1,0.77,1.35,0.685,441
2022-09-28T00:00:00.000Z,0.2,4.09,1.02,0.6,1.7,0.734,445
2022-09-29T00:00:00.000Z,0.1,3,0.6,0.4,0.99,0.437,436
2022-09-30T00:00:00.000Z,0.4,5.09,1.42,1.12,1.8,0.922,439
2022-10-01T00:00:00.000Z,0.6,6.4,1.77,1.19,2.69,1.322,445
2022-10-02T00:00:00.000Z,0.2,4.09,1.63,1.35,1.9,0.497,389
2022-10-03T00:00:00.000Z,0.95,4.4,1.9,1.63,2.22,0.502,370
2022-10-04T00:00:00.000Z,1,6.45,2.29,1.83,3.47,1.339,402
2022-10-05T00:00:00.000Z,1.5,9.93,3.53,2.91,4.71,1.352,412
2022-10-06T00:00:00.000Z,0.2,4.59,1.73,1.3,2.04,0.606,404
2022-10-07T00:00:00.000Z,1.12,4.47,1.8,1.6,2,0.408,387
2022-10-08T00:00:00.000Z,0.2,2.72,0.95,0.68,1.27,0.464,452
2022-10-09T00:00:00.000Z,0.45,3.25,1.2,0.93,1.45,0.397,456
2022-10-10T00:00:00.000Z,0.4,6.63,1.8,1.5,2.22,0.729,450
2022-10-11T00:00:00.000Z,0.7,3.55,1.8,1.48,2.25,0.513,451
2022-10-12T00:00:00.000Z,0.6,5.7,1.92,1.27,2.47,0.904,442
2022-10-13T00:00:00.000Z,1.57,16.77,3.49,2.52,7.8,3.707,436
2022-10-14T00:00:00.000Z,0.95,21.7,11.84,3.03,16.44,6.374,432
2022-10-15T00:00:00.000Z,2.04,13.88,8.25,6.35,9.65,2.552,439
2022-10-16T00:00:00.000Z,0.56,8.77,2.2,1.63,3.2,2.064,351
2022-10-17T00:00:00.000Z,1.27,7.1,2.42,2,3.83,1.297,443
2022-10-18T00:00:00.000Z,0.6,4.53,2.4,1.23,3.13,1.073,316
2022-10-21T00:00:00.000Z,3.63,14.6,9.76,8.38,11.57,2.667,442
2022-10-22T00:00:00.000Z,5.78,21.35,12.52,11.15,15.68,3.649,447
2022-10-23T00:00:00.000Z,1.35,10.52,3.3,2.63,4.63,1.633,441
2022-10-24T00:00:00.000Z,0.47,14.18,2,1.27,5.68,3.93,447
2022-10-25T00:00:00.000Z,0.7,4.3,2,1.5,2.6,0.695,443
2022-10-26T00:00:00.000Z,2.15,14.85,5.75,3.75,8.15,2.95,453
2022-10-27T00:00:00.000Z,2.5,10.95,5,4.13,6.25,1.868,449
2022-10-28T00:00:00.000Z,3.65,12.33,6.43,5.6,7.25,1.494,445
2022-10-29T00:00:00.000Z,0.47,9.86,1.92,1.35,2.63,1.645,451
2022-10-30T00:00:00.000Z,0.25,24.5,6.84,1.77,16.1,7.233,452
2022-10-31T00:00:00.000Z,1.63,17.95,7.1,3.53,12.18,4.466,454
2022-11-01T00:00:00.000Z,1.45,26.27,7.41,2.8,10.19,6.374,446
2022-11-02T00:00:00.000Z,0.3,4.34,1.73,1.4,2.1,0.668,438
2022-11-03T00:00:00.000Z,1.2,3.42,2.1,1.88,2.4,0.381,444
2022-11-04T00:00:00.000Z,0.6,10.4,3.4,1.98,6.15,2.591,442
2022-11-05T00:00:00.000Z,0.35,5.97,1.73,1.17,2.69,1.202,424
2022-11-06T00:00:00.000Z,1.4,7.93,3.13,2.41,4.25,1.444,432
2022-11-07T00:00:00.000Z,1.2,5.78,2.35,1.85,3.3,1.099,450
2022-11-08T00:00:00.000Z,1.2,6.68,2,1.69,4.22,1.427,453
2022-11-09T00:00:00.000Z,0.4,3.33,1.5,1.3,1.83,0.477,449
2022-11-10T00:00:00.000Z,0.4,5.05,2,1.3,2.44,0.788,449
2022-11-11T00:00:00.000Z,1.88,6.23,3.08,2.7,3.7,0.866,443
2022-11-12T00:00:00.000Z,2.25,14.4,4.8,4.16,8.51,2.789,449
2022-11-13T00:00:00.000Z,0.07,8.65,1,0.6,5.15,2.575,454
2022-11-14T00:00:00.000Z,0.1,25.3,6.45,2.9,10.98,6.518,439
2022-11-15T00:00:00.000Z,0.3,35.6,21.67,9.53,24.91,9.576,437
2022-11-16T00:00:00.000Z,0.2,1.48,0.65,0.52,0.8,0.209,443
2022-11-17T00:00:00.000Z,0.4,3.83,1.05,0.82,1.55,0.674,447
2022-11-18T00:00:00.000Z,0.2,2.04,0.65,0.47,1,0.376,430
2022-11-19T00:00:00.000Z,0.3,3.23,0.82,0.7,1.02,0.326,442
2022-11-20T00:00:00.000Z,0.7,16.39,1.5,1.13,4.48,2.742,444
2022-11-21T00:00:00.000Z,0.47,17.45,2.8,1.35,6.69,3.691,441
2022-11-22T00:00:00.000Z,1.98,37.13,6.04,4.13,15.15,8.594,442
2022-11-23T00:00:00.000Z,12.43,26.83,21.66,19.39,23.1,2.709,442
2022-11-24T00:00:00.000Z,6.6,25.65,17.63,15.1,19.5,4.002,448
2022-11-25T00:00:00.000Z,3.3,13.95,7.8,6.28,9.85,2.36,442
2022-11-26T00:00:00.000Z,1.6,9.4,5.85,4.68,6.9,1.67,439
2022-11-27T00:00:00.000Z,2.25,10.77,4.75,3.67,6.94,1.994,449
2022-11-28T00:00:00.000Z,2.75,10.65,5.18,4.38,8.23,2.18,438
2022-11-29T00:00:00.000Z,2.29,20.8,12.3,8.93,15.25,4.186,428
2022-11-30T00:00:00.000Z,7.1,19.77,14.07,11.15,16.07,3.213,443
2022-12-01T00:00:00.000Z,4.68,21.6,13.22,7.39,16.39,4.405,416
2022-12-02T00:00:00.000Z,2.08,6.45,3.72,3.15,4.32,0.82,456
2022-12-03T00:00:00.000Z,2.35,5.7,3.9,3.47,4.32,0.617,451
2022-12-04T00:00:00.000Z,2.35,8.3,4.68,3.21,5.95,1.546,453
2022-12-05T00:00:00.000Z,0.1,7.27,1.6,0.6,2.4,1.461,445
2022-12-06T00:00:00.000Z,1.17,5.88,2.8,2.2,3.53,0.965,448
2022-12-07T00:00:00.000Z,0.2,10.88,3.95,2.83,4.93,1.779,447
2022-12-08T00:00:00.000Z,0.2,14.55,3.67,2.8,6.17,2.89,453
2022-12-09T00:00:00.000Z,2.42,15.48,8.13,5.46,11.29,3.315,444
2022-12-10T00:00:00.000Z,8.8,23.3,12.13,11.13,14.82,2.821,453
2022-12-11T00:00:00.000Z,3.7,17.38,7.78,6.43,9.09,2.418,452
2022-12-12T00:00:00.000Z,1.58,7.97,3.38,2.67,4.05,0.991,450
2022-12-13T00:00:00.000Z,0.77,20.45,2.4,1.5,7.57,5.948,439
2022-12-14T00:00:00.000Z,5.25,17.95,8.93,7.32,11.43,2.807,446
2022-12-15T00:00:00.000Z,0.5,20.85,5.56,1.84,9.85,4.802,440
2022-12-16T00:00:00.000Z,2.35,23.17,4.46,3.67,10.05,4.212,422
2022-12-17T00:00:00.000Z,3.55,27.63,16.27,8,21.85,7.276,437
2022-12-18T00:00:00.000Z,4.38,16.42,7.3,6.19,10.03,2.608,444
2022-12-19T00:00:00.000Z,2.9,17.27,12.59,10.02,13.52,3.026,444
2022-12-20T00:00:00.000Z,5.3,18.39,9.98,7.95,12.27,2.775,443
2022-12-21T00:00:00.000Z,3.1,20.27,7,5.13,8.4,3.766,439
2022-12-22T00:00:00.000Z,2.38,26.67,11.15,5.01,19.57,7.29,444
2022-12-23T00:00:00.000Z,0.43,16.38,1.75,1.1,2.85,3.293,331
2022-12-24T00:00:00.000Z,0.32,21.17,1.3,0.8,1.83,1.194,404
2022-12-25T00:00:00.000Z,2,16.89,10.07,7.76,11.43,2.718,405
2022-12-26T00:00:00.000Z,0.4,12.6,6.68,2.65,7.78,2.861,355
2022-12-27T00:00:00.000Z,0.4,17.2,1.52,1,2.58,1.948,423
2022-12-28T00:00:00.000Z,0.6,23.67,2.17,1.45,4.8,4.624,402
2022-12-29T00:00:00.000Z,0.73,6.32,2.02,1.5,2.75,0.816,450
2022-12-30T00:00:00.000Z,0.93,8,3.2,2.46,3.78,0.986,372
2022-12-31T00:00:00.000Z,0.75,167.35,3.1,2.52,7.75,22.495,435
2023-01-01T00:00:00.000Z,1.67,22.17,4,2.89,7.24,3.282,437
2023-01-02T00:00:00.000Z,0.5,8.27,2.76,1.76,3.94,1.514,448
2023-01-03T00:00:00.000Z,0.9,8.75,1.73,1.42,2.85,1.442,375
2023-01-04T00:00:00.000Z,0.2,12.35,3.17,1.74,5.42,3.213,405
2023-01-05T00:00:00.000Z,0.15,9.77,0.95,0.63,1.4,0.768,436
2023-01-06T00:00:00.000Z,0.45,9.13,2.5,1.25,3.64,1.621,445
2023-01-07T00:00:00.000Z,1.88,24.67,5.78,3.6,11.32,5.156,440
2023-01-08T00:00:00.000Z,2.78,13.18,4.5,3.78,6.6,2.233,453
2023-01-09T00:00:00.000Z,0.8,10.32,7,3.13,8.02,2.787,313
2023-01-26T00:00:00.000Z,0.1,11.55,1.58,0.6,5.68,3.488,314
2023-01-27T00:00:00.000Z,0.13,11.68,0.87,0.54,6.15,3.184,368
2023-01-28T00:00:00.000Z,3.7,10.65,6.6,5.4,7.74,1.496,445
2023-01-29T00:00:00.000Z,0.5,6.5,2.37,1.52,3.69,1.331,440
2023-01-30T00:00:00.000Z,0.7,6.97,2.42,1.84,3.15,0.864,444
2023-01-31T00:00:00.000Z,0.5,3.83,1.8,1.38,2.15,0.597,418
2023-02-01T00:00:00.000Z,0.4,6.3,2.5,1.6,3.6,1.28,440
2023-02-02T00:00:00.000Z,0.22,17.13,1.1,0.68,2.13,3.943,441
2023-02-03T00:00:00.000Z,0.3,8.18,1.08,0.77,1.6,1.778,343
2023-02-04T00:00:00.000Z,0.2,17.5,1,0.68,2,2.803,449
2023-02-05T00:00:00.000Z,0.4,11.82,1.12,0.77,4.38,3.068,420
2023-02-06T00:00:00.000Z,1.77,15.3,7.33,5.3,10.73,3.186,378
2023-02-07T00:00:00.000Z,3.3,18.17,9.76,7.84,12.57,3.148,404
2023-02-08T00:00:00.000Z,5.35,25.4,16.8,12.38,19.77,5.249,362
2023-02-09T00:00:00.000Z,2.52,29.4,14.27,11.62,24.41,7.954,393
2023-02-10T00:00:00.000Z,1.6,6.25,3.13,2.67,3.8,0.783,411
2023-02-11T00:00:00.000Z,1.48,8.73,4.82,3.05,6.35,1.851,382
2023-02-12T00:00:00.000Z,0.1,8.55,1.2,0.83,2.2,1.802,440
2023-02-13T00:00:00.000Z,0.63,2.2,1.17,1,1.38,0.268,354
2023-02-14T00:00:00.000Z,1.23,23.7,5.38,2,9.02,6.641,381
2023-02-15T00:00:00.000Z,18.98,34.92,27.15,24.24,29.92,3.499,361
2023-02-16T00:00:00.000Z,22.48,43.95,32.5,28.58,36.75,4.819,375
2023-02-17T00:00:00.000Z,0.7,46.9,4.55,3.53,12.73,12.769,335
2023-02-18T00:00:00.000Z,0.97,5.63,2.5,1.77,3.3,0.933,447
2023-02-19T00:00:00.000Z,0.35,2.78,1.23,0.98,1.52,0.412,383
2023-02-20T00:00:00.000Z,0.43,7.5,3.8,2.64,4.59,1.511,445
2023-02-21T00:00:00.000Z,1.88,10.18,4.84,3.58,6.5,1.773,446
2023-02-22T00:00:00.000Z,0.38,8.88,1.2,0.95,1.95,1.206,366
2023-02-23T00:00:00.000Z,1.23,35.5,9.19,4.76,11.76,4.774,328
2023-02-24T00:00:00.000Z,0.2,14.15,1.38,0.9,1.9,1.139,435
2023-02-25T00:00:00.000Z,0.1,3.53,0.6,0.45,0.77,0.332,360
2023-02-26T00:00:00.000Z,0.2,5.28,0.73,0.5,1.63,1.064,413
2023-02-27T00:00:00.000Z,0.9,43.15,2.9,2.22,5.07,3.26,435
2023-02-28T00:00:00.000Z,1.58,16.05,6.4,4.71,8.09,2.781,361
2023-03-01T00:00:00.000Z,0.8,26.48,6.97,3.8,13.34,6.5,429
2023-03-02T00:00:00.000Z,0.65,8.57,3.9,1.35,5.35,2.178,443
2023-03-03T00:00:00.000Z,1.77,15.75,3.88,2.87,7.14,2.572,429
2023-03-04T00:00:00.000Z,0.1,4.8,1.33,0.5,2.27,0.957,439
2023-03-05T00:00:00.000Z,0.22,6.2,1,0.6,2.04,1.328,437
2023-03-06T00:00:00.000Z,0.4,13,1.88,1,3.17,2.535,426
2023-03-07T00:00:00.000Z,0.3,13.95,1.08,0.73,5.2,3.628,435
2023-03-08T00:00:00.000Z,0.1,11.18,0.6,0.4,0.9,2.135,438
2023-03-09T00:00:00.000Z,0.4,7.13,2.24,1.1,3.7,1.699,390
2023-03-10T00:00:00.000Z,0.7,8.07,3,1.8,5,1.802,443
2023-03-11T00:00:00.000Z,0.9,2.6,1.5,1.33,1.7,0.346,134
2023-03-16T00:00:00.000Z,0.8,18,1.82,1.5,2.46,1.519,292
2023-03-17T00:00:00.000Z,2.63,11.38,5.77,4.59,6.3,1.457,438
2023-03-18T00:00:00.000Z,5.05,27.05,7.47,6.71,11.27,5.549,372
2023-03-19T00:00:00.000Z,8.52,25.13,19.63,13.2,21.85,4.953,66
2023-03-20T00:00:00.000Z,0.22,3.2,1.2,0.89,1.66,0.641,305
2023-03-21T00:00:00.000Z,2.4,17.8,9.8,6,14.35,4.241,441
2023-03-22T00:00:00.000Z,1.55,22.52,8.03,4.2,17.02,6.485,432
2023-03-23T00:00:00.000Z,0.3,13.48,2.5,1.7,4.59,3.722,447
2023-03-24T00:00:00.000Z,1.1,13.3,2.84,2.17,4.55,2.519,438
2023-03-25T00:00:00.000Z,0.9,4.88,2.27,1.73,3.03,0.838,427
2023-03-26T00:00:00.000Z,0.25,3.92,0.77,0.6,1.27,0.796,419
2023-03-27T00:00:00.000Z,0.2,3.72,0.7,0.47,0.98,0.45,413
2023-03-28T00:00:00.000Z,0.2,2.38,0.6,0.4,0.82,0.308,285
2023-03-31T00:00:00.000Z,0.75,14.55,3.33,1.27,7.05,3.872,225
2023-04-01T00:00:00.000Z,0.3,4.15,1.5,0.7,2.7,1.046,281
2023-04-02T00:00:00.000Z,0.2,7.5,0.68,0.5,0.9,0.757,216
2023-04-03T00:00:00.000Z,0.3,3.2,0.68,0.5,0.93,0.397,442
2023-04-04T00:00:00.000Z,0.13,3.58,0.9,0.67,1.3,0.603,446
2023-04-05T00:00:00.000Z,0.2,6.13,0.8,0.52,3.37,1.736,432
2023-04-07T00:00:00.000Z,0.8,2.5,1.45,1.2,1.79,0.354,316
2023-04-08T00:00:00.000Z,0.7,4,1.6,1.2,2.41,0.808,448
2023-04-09T00:00:00.000Z,0.5,6.03,1.55,1.1,1.93,0.589,452
2023-04-10T00:00:00.000Z,0.7,3.72,2.08,1.6,2.63,0.684,248
2023-04-11T00:00:00.000Z,0.7,7.43,1.38,1.1,1.85,0.84,167
2023-04-12T00:00:00.000Z,1.37,7.75,3.1,2.47,4.2,1.328,450
2023-04-13T00:00:00.000Z,0.5,8.63,3.97,2.91,5.89,1.948,445
2023-04-14T00:00:00.000Z,1.63,16.53,9.65,7.28,11.23,3.186,451
2023-04-15T00:00:00.000Z,4.22,15.02,7.95,5.73,9.77,2.774,458
2023-04-16T00:00:00.000Z,2.43,9.38,4.5,3.97,4.97,1.081,460
2023-04-17T00:00:00.000Z,3.22,12.57,5.3,4.45,7.65,2.053,457
2023-04-18T00:00:00.000Z,0.75,6.57,1.85,1.5,2.82,1.321,449
2023-04-19T00:00:00.000Z,0.1,2.54,0.72,0.56,0.9,0.331,388
2023-04-20T00:00:00.000Z,0.35,3.72,2.1,1.05,2.8,0.932,462
2023-04-21T00:00:00.000Z,0.95,2.5,1.55,1.29,1.85,0.36,73
2023-04-22T00:00:00.000Z,0.56,4.15,2.15,1.2,2.7,0.83,255
2023-04-23T00:00:00.000Z,0.93,12.1,3.9,2.83,5.28,2.289,299
2023-04-24T00:00:00.000Z,0.6,16.08,3.92,2.75,7,3.342,429
2023-04-25T00:00:00.000Z,0.68,4.97,2,1.6,2.6,0.738,458
2023-04-26T00:00:00.000Z,0.1,2.58,0.98,0.7,1.3,0.401,450
2023-04-27T00:00:00.000Z,0.5,3.1,1.44,1.2,1.7,0.424,132
