date,min,max,PM 2.5 median,q1,q3,stdev,count
2019-08-05T00:00:00.000Z,10.8,21.32,13.29,12.78,15.34,1.95,111
2019-08-06T00:00:00.000Z,1.76,34.28,7.68,5.81,16.63,8.012,718
2019-08-07T00:00:00.000Z,2.23,19.95,9.4,6.77,11.81,3.388,718
2019-08-08T00:00:00.000Z,1.41,11.53,4.04,3.29,9.13,3.04,717
2019-08-09T00:00:00.000Z,2.02,12.42,5,4.01,5.89,1.398,713
2019-08-10T00:00:00.000Z,1.35,24.3,8.01,5.41,11.08,4.823,717
2019-08-11T00:00:00.000Z,2.08,12.12,5.15,3.72,7.44,2.465,709
2019-08-12T00:00:00.000Z,1.25,8.66,5.47,3.23,6.25,1.779,697
2019-08-13T00:00:00.000Z,0.06,7.85,2.83,1.6,5.77,2.103,708
2019-08-14T00:00:00.000Z,1.23,7.26,2.84,2.31,3.47,1.055,713
2019-08-15T00:00:00.000Z,2.95,28.66,11.75,7.39,19.47,6.974,709
2019-08-16T00:00:00.000Z,0,22.51,3.6,2.04,4.97,3.649,714
2019-08-17T00:00:00.000Z,3.06,28.54,8.94,5.91,16.46,7.093,714
2019-08-18T00:00:00.000Z,3.19,11.14,6.6,5.87,7.52,1.349,718
2019-08-19T00:00:00.000Z,0.97,9.71,5.55,3.88,6.48,1.77,719
2019-08-20T00:00:00.000Z,1.03,10.13,4.78,3.23,7.05,2.165,714
2019-08-21T00:00:00.000Z,1.43,11.69,3.63,2.76,5.38,1.61,717
2019-08-22T00:00:00.000Z,4.25,25.09,8.96,7.77,12,3.659,691
2019-08-23T00:00:00.000Z,2.61,23.72,6.6,4.78,8.36,2.365,712
2019-08-24T00:00:00.000Z,3.08,22.73,12.07,6.01,14.78,4.943,716
2019-08-25T00:00:00.000Z,6.28,31.08,14.65,11.57,17.72,4.148,712
2019-08-26T00:00:00.000Z,13.55,27.34,18.6,17.5,19.95,2.089,701
2019-08-27T00:00:00.000Z,14.86,29.39,21.91,18.89,25.08,3.514,608
2019-08-28T00:00:00.000Z,27.84,46.23,35.34,32.54,38.78,4.244,632
2019-08-29T00:00:00.000Z,0.65,65.91,12.55,3.56,46.01,21.806,712
2019-08-30T00:00:00.000Z,1.21,27.97,3.3,2.72,4.58,2.88,634
2019-08-31T00:00:00.000Z,11.08,41.83,32.36,30.3,35.04,3.99,376
2019-09-01T00:00:00.000Z,0,48.59,2.44,0.97,39.97,18.674,550
2019-09-02T00:00:00.000Z,0,4.71,0.65,0.23,1.46,0.812,601
2019-09-03T00:00:00.000Z,0,3.74,1.59,0.91,2.21,0.822,604
2019-09-04T00:00:00.000Z,0,28.22,4.63,2.89,13.69,6.985,715
2019-09-05T00:00:00.000Z,0,7.74,1.66,0.69,2.64,1.093,715
2019-09-06T00:00:00.000Z,0,28.72,1.91,1.1,3.09,2.511,711
2019-09-07T00:00:00.000Z,0,27.22,1.5,1.12,2.27,2.528,639
2019-09-08T00:00:00.000Z,0.83,8.11,4.2,2.83,5.31,1.643,525
2019-09-09T00:00:00.000Z,2.62,16.55,7.97,5.76,9.82,2.889,709
2019-09-10T00:00:00.000Z,0.22,20.34,4.68,2.27,9.36,4.712,694
2019-09-11T00:00:00.000Z,0.79,19.94,5.11,3.26,6.97,4.253,705
2019-09-12T00:00:00.000Z,0.56,12.39,2.54,2.04,3.16,1.136,714
2019-09-13T00:00:00.000Z,0,22.97,1.45,0.93,1.88,1.192,713
2019-09-14T00:00:00.000Z,0.06,3.45,1.37,0.98,1.76,0.577,716
2019-09-15T00:00:00.000Z,0,7.33,3.07,2.42,3.99,1.306,717
2019-09-16T00:00:00.000Z,0,4.34,1.65,1.06,2.58,1.002,689
2019-09-17T00:00:00.000Z,0,2.2,0.68,0.39,0.99,0.421,712
2019-09-18T00:00:00.000Z,0,15.68,0.91,0.31,1.63,1.078,661
2019-09-19T00:00:00.000Z,0,3.97,1.22,0.57,1.75,0.791,699
2019-09-20T00:00:00.000Z,0,7.02,1.84,0.71,3.58,1.859,710
2019-09-21T00:00:00.000Z,2.29,27.98,6.83,6,7.88,3.922,553
2019-09-22T00:00:00.000Z,8.09,32.92,18.84,14.72,23.03,5.766,714
2019-09-23T00:00:00.000Z,2.68,16.8,6.63,5.17,8.86,3.087,712
2019-09-24T00:00:00.000Z,12.73,52.33,42.52,31.07,47.31,9.246,713
2019-09-25T00:00:00.000Z,22.54,47.86,35.69,33.25,39.95,4.658,717
2019-09-26T00:00:00.000Z,22.77,54.18,37.96,34.02,41.69,6.139,708
2019-09-27T00:00:00.000Z,0.13,32.47,8.52,4.05,15.46,8.364,683
2019-09-28T00:00:00.000Z,0.36,15.99,3.4,1.76,6.04,4.125,704
2019-09-29T00:00:00.000Z,0,41.2,1.43,0.96,3.12,4.534,716
2019-09-30T00:00:00.000Z,0,26.36,1.21,0.75,8.32,4.941,713
2019-10-01T00:00:00.000Z,0,2.89,0.72,0.38,1.1,0.503,717
2019-10-02T00:00:00.000Z,0,25.48,0.64,0.28,1.17,1.631,717
2019-10-03T00:00:00.000Z,0,22.13,2.22,1,6.81,3.964,695
2019-10-04T00:00:00.000Z,0.96,12.15,2.52,1.96,3.48,2.999,717
2019-10-05T00:00:00.000Z,0,42.07,2,1.22,3.33,4.794,716
2019-10-06T00:00:00.000Z,0.5,37.72,3.13,1.28,4.26,3.935,713
2019-10-07T00:00:00.000Z,1,44.65,5.19,2.97,8.34,4.159,717
2019-10-08T00:00:00.000Z,1.09,31.13,6.24,4.75,13.82,7.606,704
2019-10-09T00:00:00.000Z,1.14,5.78,2.64,2.2,3.25,0.836,713
2019-10-10T00:00:00.000Z,0,4.61,1.64,1.2,2.15,0.713,713
2019-10-11T00:00:00.000Z,0.36,8.38,2.85,1.97,3.87,1.482,716
2019-10-12T00:00:00.000Z,0.34,4.76,2.31,1.8,2.84,0.75,713
2019-10-13T00:00:00.000Z,0.39,20.46,4.49,2.81,5.84,3.656,700
2019-10-14T00:00:00.000Z,0,10.33,0.63,0.18,1.13,1.661,707
2019-10-15T00:00:00.000Z,0.33,38,8.27,1.37,25.33,11.815,690
2019-10-16T00:00:00.000Z,2.24,38.34,19.71,13.66,29.75,9.654,463
2019-10-17T00:00:00.000Z,2.33,39.21,4.01,3.34,6.22,5.706,267
2019-10-18T00:00:00.000Z,0.53,19.34,6.16,3.48,11.4,4.78,342
2019-10-19T00:00:00.000Z,1.01,16.02,5.39,3.44,8.61,3.735,437
2019-10-20T00:00:00.000Z,10.31,53.7,26.77,18.3,31.89,8.521,446
2019-10-21T00:00:00.000Z,2.25,41.57,10.14,7.55,14.89,10.827,542
2019-10-22T00:00:00.000Z,1,15.37,5.98,2.64,8.23,3.51,674
2019-10-23T00:00:00.000Z,3.23,37.65,6.95,4.8,12.02,10.288,547
2019-10-24T00:00:00.000Z,30.79,50.77,42.79,38.6,47.33,4.895,482
2019-10-25T00:00:00.000Z,0.25,45.24,2.38,1.12,6.2,11.579,521
2019-10-26T00:00:00.000Z,0,63.34,2.7,0.63,5.65,5.942,575
2019-10-27T00:00:00.000Z,0,8,0.74,0.32,1.27,0.914,579
2019-10-28T00:00:00.000Z,0,20.03,1.08,0.23,3.81,3.599,512
2019-10-29T00:00:00.000Z,0,12.12,3.49,2.29,5.57,2.741,556
2019-10-30T00:00:00.000Z,0.53,25.64,3.41,1.86,10.33,5.829,541
2019-10-31T00:00:00.000Z,0,35.86,6.83,3.08,11.78,8.841,553
2019-11-01T00:00:00.000Z,14.09,49.52,34.75,26.7,39.51,8.783,603
2019-11-02T00:00:00.000Z,0.39,32.56,8.91,2.29,18.73,9.204,676
2019-11-03T00:00:00.000Z,3.19,31.39,11.4,9.48,14.53,4.791,667
2019-11-04T00:00:00.000Z,0.09,26.33,2,1.28,5.88,6.597,711
2019-11-05T00:00:00.000Z,0.96,5.94,2.37,1.94,2.86,0.769,715
2019-11-06T00:00:00.000Z,0.42,24.07,3.42,2.33,7.61,3.698,719
2019-11-07T00:00:00.000Z,1.59,21.36,11.49,6.31,14.96,4.717,718
2019-11-08T00:00:00.000Z,5.63,52.24,25.33,12.67,33.4,10.681,718
2019-11-09T00:00:00.000Z,5.03,43.55,18.55,14.64,28.73,10.754,603
2019-11-10T00:00:00.000Z,1.75,41.5,14.08,9.47,29.97,10.495,716
2019-11-11T00:00:00.000Z,1,42,18.34,9.86,24.95,10.992,716
2019-11-12T00:00:00.000Z,2.48,31.07,15.95,8.31,23.54,8.111,717
2019-11-13T00:00:00.000Z,2.09,36.31,11.92,5.18,22.16,9.517,716
2019-11-14T00:00:00.000Z,5.79,34.25,20.73,15.51,24.68,6.846,669
2019-11-15T00:00:00.000Z,1.2,22.67,8.31,4.47,13.52,5.19,713
2019-11-16T00:00:00.000Z,0.85,34.49,12,6.76,15.27,6.411,716
2019-11-17T00:00:00.000Z,1.74,47.36,31.48,21.36,37.59,11.184,715
2019-11-18T00:00:00.000Z,1.77,50.19,44.77,16.89,46.77,16.909,720
2019-11-19T00:00:00.000Z,3.39,26.17,12.58,9.13,16.55,4.71,716
2019-11-20T00:00:00.000Z,0,55.29,5.47,1.61,12.09,14.113,714
2019-11-21T00:00:00.000Z,2.54,37.78,10.46,7.3,21.44,9.842,713
2019-11-22T00:00:00.000Z,1.35,32.46,24.29,8.34,27.98,10.411,710
2019-11-23T00:00:00.000Z,25.44,48.23,37.96,33.63,41.25,4.982,715
2019-11-24T00:00:00.000Z,24.54,44.45,31.99,29.84,33.97,2.94,719
2019-11-25T00:00:00.000Z,27,48.75,40.01,38.35,41.42,3.434,716
2019-11-26T00:00:00.000Z,20.82,45.3,37.33,34.24,39.4,5.06,588
2019-11-27T00:00:00.000Z,12.72,41.69,33.46,30.3,35.69,5.402,732
2019-11-28T00:00:00.000Z,0.09,47.08,13.73,4.9,27.19,11.171,712
2019-11-29T00:00:00.000Z,0,56.66,0.57,0.09,1.87,5.152,711
2019-11-30T00:00:00.000Z,0.26,49.24,2.1,1.45,7.06,7.014,705
2019-12-01T00:00:00.000Z,0.39,67.44,4.54,2.22,5.96,7.441,719
2019-12-02T00:00:00.000Z,0,23.69,1.06,0.66,3.81,4.136,715
2019-12-03T00:00:00.000Z,0,21.21,3.23,1.79,7.32,3.561,716
2019-12-04T00:00:00.000Z,0.22,38.29,9.91,5.45,19.26,8.527,714
2019-12-05T00:00:00.000Z,1.79,19.12,5.63,4.44,7.28,3.222,716
2019-12-06T00:00:00.000Z,0,11.86,3.91,2.29,5.62,2.539,717
2019-12-07T00:00:00.000Z,0,6.01,1.01,0.54,1.94,1.069,719
2019-12-08T00:00:00.000Z,0,21.32,2.5,1.46,3.86,3.233,718
2019-12-09T00:00:00.000Z,0,5.63,1.11,0.44,2.16,1.23,668
2019-12-10T00:00:00.000Z,0,23.92,3.25,1.87,4.8,5.507,717
2019-12-11T00:00:00.000Z,4.03,25.83,10.31,8.09,14.04,4.096,714
2019-12-12T00:00:00.000Z,10.28,34.46,19.75,14.68,24.57,5.872,688
2019-12-13T00:00:00.000Z,3.09,38.02,14.11,10.26,19.39,7.16,712
2019-12-14T00:00:00.000Z,0,35.72,8.14,2.76,22.96,11.042,718
2019-12-15T00:00:00.000Z,0,10.11,1.49,0.83,2.36,1.257,706
2019-12-16T00:00:00.000Z,1.58,25.52,12.27,5.72,16.91,6.074,712
2019-12-17T00:00:00.000Z,0,43.78,30,20.87,34.85,11.079,711
2019-12-18T00:00:00.000Z,0.07,38.57,2.86,1.58,8.57,7.255,588
2019-12-19T00:00:00.000Z,16.21,42.68,26.15,23.05,30.73,5.795,702
2019-12-20T00:00:00.000Z,21.8,42.97,34.72,32.15,36.45,3.987,706
2019-12-21T00:00:00.000Z,3.93,31.73,16.05,11.55,20.8,6.397,684
2019-12-22T00:00:00.000Z,8.67,34.79,20.19,16.68,25.26,6.189,712
2019-12-23T00:00:00.000Z,1.47,40.06,21.45,9.46,25.43,9.16,712
2019-12-24T00:00:00.000Z,0.74,39.6,5.84,3.54,15.66,8.794,700
2019-12-25T00:00:00.000Z,0.16,17.8,2.96,1.71,7.39,3.55,709
2019-12-26T00:00:00.000Z,0.19,36.61,10.13,2.73,15.32,8.045,713
2019-12-27T00:00:00.000Z,0.49,47.45,3.26,1.85,7.13,5.83,712
2019-12-28T00:00:00.000Z,1.21,64.38,8.61,6.15,13.64,5.805,711
2019-12-29T00:00:00.000Z,8.59,52.41,43.95,35.15,47.91,12.224,722
2019-12-30T00:00:00.000Z,0,41.55,16.04,11.35,19.04,6.605,718
2019-12-31T00:00:00.000Z,0.55,495.81,3.03,2.15,8.43,45.309,713
2020-01-01T00:00:00.000Z,0,50.55,3.12,1.11,17.95,12.785,709
2020-01-02T00:00:00.000Z,4.23,49.83,36.9,12.33,40.45,14.396,706
2020-01-03T00:00:00.000Z,0.57,32.71,3.85,3.1,6.94,7.946,706
2020-01-04T00:00:00.000Z,0,50.94,1.28,0.56,2.04,3.945,693
2020-01-05T00:00:00.000Z,1.07,25.82,3.46,2.42,6.91,3.209,699
2020-01-06T00:00:00.000Z,1.31,37.71,6.32,3.65,15.39,10.158,684
2020-01-07T00:00:00.000Z,1.84,46.92,22.73,6.51,35.77,14.505,672
2020-01-08T00:00:00.000Z,2.43,27.94,6.23,4.8,8.89,4.383,640
2020-01-09T00:00:00.000Z,0.51,24.97,4.99,3.69,8.36,3.759,657
2020-01-10T00:00:00.000Z,0.27,29.29,3.73,2.76,5.63,2.764,560
2020-01-11T00:00:00.000Z,1.9,22.02,7.81,4.5,15.88,5.983,680
2020-01-12T00:00:00.000Z,0,31.25,4.26,0.91,7.46,6.108,694
2020-01-13T00:00:00.000Z,0.7,31.55,7.1,2.21,13.75,8.198,658
2020-01-14T00:00:00.000Z,1.04,23.47,8.59,5.33,15.64,6.197,606
2020-01-15T00:00:00.000Z,0,23.13,1.92,1.04,2.91,2.047,605
2020-01-16T00:00:00.000Z,1.93,30.37,4.59,3.75,8.49,6.379,651
2020-01-17T00:00:00.000Z,7.62,40.82,23.32,20.32,26.78,6.905,663
2020-01-18T00:00:00.000Z,0,20.67,3.12,0.33,5,4.046,682
2020-01-19T00:00:00.000Z,0.66,41.9,2.82,1.97,5.01,4.55,697
2020-01-20T00:00:00.000Z,0.81,16.97,4.09,2.68,5.41,2.167,663
2020-01-21T00:00:00.000Z,0,22.68,3.25,1.11,4.09,2.001,624
2020-01-22T00:00:00.000Z,0,0.79,0.41,0.22,0.56,0.199,36
2020-01-23T00:00:00.000Z,0.24,16.46,7.92,6.66,9.05,2.191,128
2020-01-24T00:00:00.000Z,0,29.98,3.16,1.69,4.88,4.819,405
2020-01-25T00:00:00.000Z,0.66,27.08,3.41,1.93,6.93,4.306,450
2020-01-26T00:00:00.000Z,17.55,39.69,27.94,25.02,32.69,4.795,469
2020-01-27T00:00:00.000Z,11.09,51.92,37.22,24.9,49.3,13.004,384
2020-01-28T00:00:00.000Z,0,43.2,5.37,1.64,25.28,14.602,413
2020-01-29T00:00:00.000Z,0,31,1.33,0.82,2.9,3.332,458
2020-01-30T00:00:00.000Z,0,16.13,2.23,1.19,4.17,2.891,437
2020-01-31T00:00:00.000Z,0.79,25.24,3.41,2.37,5.72,3.483,430
2020-02-01T00:00:00.000Z,1.03,33.59,6.06,4.5,8.94,3.515,484
2020-02-02T00:00:00.000Z,0.09,29.18,1.78,0.94,3.66,4.214,493
2020-02-03T00:00:00.000Z,0.41,16.63,3.75,2.29,6.62,3.162,483
2020-02-04T00:00:00.000Z,0,14.82,1.61,1.17,2.18,1.387,393
2020-02-05T00:00:00.000Z,0,57.23,1.72,1.04,2.86,6.955,385
2020-02-06T00:00:00.000Z,0,5.79,1.26,0.74,1.8,1.038,356
2020-02-07T00:00:00.000Z,1,20.22,6.17,3.53,9.3,4.882,334
2020-02-08T00:00:00.000Z,14.29,51.81,35.54,25.59,39.36,9.224,397
2020-02-09T00:00:00.000Z,0.9,37.15,14.76,3.56,22.54,10.411,510
2020-02-10T00:00:00.000Z,0,7.86,2.29,1.23,3.24,1.397,560
2020-02-11T00:00:00.000Z,0,23.3,1.42,0.52,2.94,3.945,526
2020-02-12T00:00:00.000Z,0,14.6,1.35,0.44,2.5,1.818,561
2020-02-13T00:00:00.000Z,0,36.22,2.31,1.17,6.27,3.627,530
2020-02-14T00:00:00.000Z,1.93,41.57,12.19,6.11,16.79,6.64,508
2020-02-15T00:00:00.000Z,6.45,40.28,18.12,10.78,26.79,9.495,438
2020-02-16T00:00:00.000Z,0,27.8,1.87,0.49,3.85,2.567,516
2020-02-17T00:00:00.000Z,0.26,10.08,4.24,3.53,4.96,1.189,480
2020-02-18T00:00:00.000Z,0.55,34.86,2.87,2,3.79,4.752,433
2020-02-19T00:00:00.000Z,0,46.55,2.46,0.81,4.53,4.325,600
2020-02-20T00:00:00.000Z,0,18.86,7.03,3.52,11.69,5.115,656
2020-02-21T00:00:00.000Z,0,19.48,2.54,1.82,3.57,1.902,658
2020-02-22T00:00:00.000Z,0,10.19,2.71,1.79,3.96,1.749,653
2020-02-23T00:00:00.000Z,0.03,18.42,2.89,1.75,4.29,2.376,671
2020-02-24T00:00:00.000Z,0,13.03,1.36,0.96,2.04,1.486,679
2020-02-25T00:00:00.000Z,0,9.55,1.25,0.75,1.81,1.016,617
2020-02-26T00:00:00.000Z,0.03,6.28,1.14,0.68,2.25,1.311,544
2020-02-27T00:00:00.000Z,1.09,16.91,7.24,5.92,9.26,2.907,703
2020-02-28T00:00:00.000Z,0,17.35,2.41,1.19,6.44,3.439,721
2020-02-29T00:00:00.000Z,0,32.86,5.83,1.4,14.64,8.798,721
2020-03-01T00:00:00.000Z,0,5.82,2.46,1.74,3.3,1.257,719
2020-03-02T00:00:00.000Z,1.59,36.11,11.73,8.77,15.46,5.307,711
2020-03-03T00:00:00.000Z,2.82,66.17,12.79,9.28,14.82,6.113,720
2020-03-04T00:00:00.000Z,0.06,36.6,4.04,1.27,10.52,6.232,717
2020-03-05T00:00:00.000Z,1.48,44.02,7.26,3.43,10.5,5.901,716
2020-03-06T00:00:00.000Z,11.47,39.76,24.53,20.61,31.4,6.831,721
2020-03-07T00:00:00.000Z,6.05,50.38,25.02,21.19,27.89,8.364,718
2020-03-08T00:00:00.000Z,5.7,46.84,20.28,11.05,36.7,13.178,719
2020-03-09T00:00:00.000Z,0.91,27.67,8.92,4.88,14.7,6.109,720
2020-03-10T00:00:00.000Z,1.83,28.05,6.29,3.93,13.76,6.101,719
2020-03-11T00:00:00.000Z,0.08,9.47,2.71,1.74,3.68,2.007,716
2020-03-12T00:00:00.000Z,0,12.02,1.69,0.76,3.77,2.599,718
2020-03-13T00:00:00.000Z,0,35.35,1.33,0.76,2.71,2.083,721
2020-03-14T00:00:00.000Z,0.48,26.67,3.47,1.96,5.43,2.636,720
2020-03-15T00:00:00.000Z,5.3,35.29,13.08,10.45,16.12,4.025,715
2020-03-16T00:00:00.000Z,0.31,54.47,3.19,1.49,5.13,8.045,719
2020-03-17T00:00:00.000Z,0,27.41,8.36,1.98,11.07,6.082,715
2020-03-18T00:00:00.000Z,0,57.39,4.09,1.85,11.27,7.615,716
2020-03-19T00:00:00.000Z,0.48,14,1.89,1.44,2.54,1.223,716
2020-03-20T00:00:00.000Z,0,28.95,2.09,0.75,3.36,2.458,718
2020-03-21T00:00:00.000Z,0,24.28,2.14,1.18,4.21,3.614,714
2020-03-22T00:00:00.000Z,0,7,0.86,0.4,1.45,0.902,716
2020-03-23T00:00:00.000Z,0.19,15.98,5.01,2.89,9.49,4.03,716
2020-03-24T00:00:00.000Z,8.44,30.09,14.59,12.55,21,4.583,719
2020-03-25T00:00:00.000Z,13.68,42.26,28.38,25.64,33.72,6.65,716
2020-03-26T00:00:00.000Z,37.33,140.94,43.66,40.96,47.41,6.605,717
2020-03-27T00:00:00.000Z,34.07,77.91,41.36,38.54,49.14,6.692,716
2020-03-28T00:00:00.000Z,0,55.79,6.08,1.7,42.51,20.279,718
2020-03-29T00:00:00.000Z,0,7.56,0.3,0.09,0.82,0.816,686
2020-03-30T00:00:00.000Z,0,5.84,1.44,0.22,2.06,1.2,715
2020-03-31T00:00:00.000Z,0.55,10.37,2.23,1.63,4.98,1.927,722
2020-04-01T00:00:00.000Z,0.07,24.96,2.27,1.15,3.3,1.976,697
2020-04-02T00:00:00.000Z,0.97,14.24,2.82,2.15,3.84,1.726,710
2020-04-03T00:00:00.000Z,0,7.89,1.29,0.67,1.95,1.012,719
2020-04-04T00:00:00.000Z,0.37,40.69,2.33,1.37,14.16,11.659,719
2020-04-05T00:00:00.000Z,5.72,48.98,15.47,9.76,29.33,11.561,718
2020-04-06T00:00:00.000Z,9.63,61.4,33.84,24.57,38.2,10.365,676
2020-04-07T00:00:00.000Z,0.48,50.78,5.14,1.97,9.72,10.723,628
2020-04-08T00:00:00.000Z,3.04,22.39,10.02,7.97,13.76,3.813,722
2020-04-09T00:00:00.000Z,0,18.57,2.04,1.07,4.66,4.966,722
2020-04-10T00:00:00.000Z,2.75,14.57,6.34,5.36,7.12,1.335,721
2020-04-11T00:00:00.000Z,3.77,28,10.25,8.57,12.64,3.349,719
2020-04-12T00:00:00.000Z,0.36,39.19,7.17,2,15.47,10.11,720
2020-04-13T00:00:00.000Z,0,5.8,0.5,0.14,1.22,0.834,718
2020-04-14T00:00:00.000Z,0.2,8.93,2.12,1.24,3.2,1.882,717
2020-04-15T00:00:00.000Z,2.93,16.73,6.24,4.98,10,3.358,726
2020-04-16T00:00:00.000Z,0.07,11.53,1.72,1.12,3.17,2.437,718
2020-04-17T00:00:00.000Z,0,113.89,3.02,0.56,6.33,13.305,717
2020-04-18T00:00:00.000Z,0,19.14,2.06,0.76,3.33,2.157,717
2020-04-19T00:00:00.000Z,0,26.62,1.69,0.34,2.67,2.42,716
2020-04-20T00:00:00.000Z,0,32.22,1.97,0.66,3.19,2.206,718
2020-04-21T00:00:00.000Z,0,16.53,3.19,1.35,4.23,2.795,720
2020-04-22T00:00:00.000Z,0.28,14.39,2.11,1.43,3.51,2.328,718
2020-04-23T00:00:00.000Z,1.41,13.44,5.22,3.41,7.22,2.777,721
2020-04-24T00:00:00.000Z,0.28,18.29,7.02,3.1,9.09,3.995,720
2020-04-25T00:00:00.000Z,0,23.98,1.84,0.67,3.36,3.446,720
2020-04-26T00:00:00.000Z,2.24,17.09,4.93,3.86,8.4,2.67,719
2020-04-27T00:00:00.000Z,5.4,32.59,14.82,11.77,19.51,5.21,723
2020-04-28T00:00:00.000Z,1.83,21.78,5.78,3.68,15.58,6.102,717
2020-04-29T00:00:00.000Z,1.73,666.78,7.66,4.51,11.84,24.699,728
2020-04-30T00:00:00.000Z,2.33,37.36,9.91,6.38,15.11,5.76,722
2020-05-01T00:00:00.000Z,0,41.84,7.74,4.41,10.64,4.661,715
2020-05-02T00:00:00.000Z,0.77,28.16,7.13,5.07,11.43,5.637,720
2020-05-03T00:00:00.000Z,0.64,37.24,4.38,2.31,8.52,8.346,719
2020-05-04T00:00:00.000Z,0,12.02,1.25,0.67,2.79,1.504,721
2020-05-05T00:00:00.000Z,0,8,0.86,0.18,2.93,1.708,721
2020-05-06T00:00:00.000Z,0.91,12.33,4.37,3.36,5.57,1.486,730
2020-05-07T00:00:00.000Z,2.64,18.91,7.49,6.24,9.4,2.771,547
2020-05-08T00:00:00.000Z,4.09,24.47,13.54,8.89,16.16,4.787,519
2020-05-09T00:00:00.000Z,8.02,50.17,12.55,11.05,16.09,7.005,478
2020-05-10T00:00:00.000Z,2.76,47.17,28.24,9.38,38.35,14.39,351
2020-05-11T00:00:00.000Z,0,3.24,0.46,0.27,0.73,0.473,480
2020-05-12T00:00:00.000Z,0,11.26,1.54,0.75,2.31,1.127,697
2020-05-13T00:00:00.000Z,0,5.59,0.81,0.5,1.26,0.847,716
2020-05-14T00:00:00.000Z,0,3.81,1.41,1.05,1.96,0.695,716
2020-05-15T00:00:00.000Z,0.16,6.41,2.4,1.69,3.42,1.245,720
2020-05-16T00:00:00.000Z,0,32.68,2.91,1.76,3.66,2.664,721
2020-05-17T00:00:00.000Z,0.53,9.84,2.58,1.9,5.22,1.966,725
2020-05-18T00:00:00.000Z,1.62,22.23,6.88,4.7,9.41,4.239,700
2020-05-19T00:00:00.000Z,0,17.93,5.15,1.72,12,5.225,720
2020-05-20T00:00:00.000Z,2.19,20.54,8.05,5.17,10.11,3.03,722
2020-05-21T00:00:00.000Z,2.58,47.64,7.81,5.55,10,6.963,716
2020-05-22T00:00:00.000Z,5.77,33.4,9.61,8.53,12.11,4.651,718
2020-05-23T00:00:00.000Z,1.86,34.94,5.7,3.78,29.77,12.472,716
2020-05-24T00:00:00.000Z,1.15,30.73,3.76,3.21,4.25,2.191,716
2020-05-25T00:00:00.000Z,0.84,8.55,4.26,2.27,6.28,2.204,717
2020-05-26T00:00:00.000Z,2,27.23,7.05,5.33,16.69,6.761,717
2020-05-27T00:00:00.000Z,1.3,27.52,3.69,2.87,10.67,7.23,716
2020-05-28T00:00:00.000Z,2.21,11.67,4.32,3.49,6.29,2.282,718
2020-05-29T00:00:00.000Z,2.06,31.64,4.98,4.08,6.28,4.746,717
2020-05-30T00:00:00.000Z,0.96,14.97,3.28,2.19,6.77,3.351,717
2020-05-31T00:00:00.000Z,0,10.97,2.5,0.81,4.15,2.459,718
2020-06-01T00:00:00.000Z,0.38,31.12,2.29,1.6,3.51,3.94,654
2020-06-02T00:00:00.000Z,1.77,88.7,5.07,4.34,5.75,3.877,719
2020-06-03T00:00:00.000Z,0.64,13.56,5.03,3.96,7.02,2.751,715
2020-06-04T00:00:00.000Z,1.76,12.24,5.67,4.21,8.21,2.57,717
2020-06-05T00:00:00.000Z,0,17.82,1,0.62,1.75,3.417,719
2020-06-06T00:00:00.000Z,0,10.78,1.15,0.25,1.76,1.002,717
2020-06-07T00:00:00.000Z,1.09,18.14,5.07,3.7,6.78,2.192,719
2020-06-08T00:00:00.000Z,1.97,13.7,6.02,3.98,8.8,2.788,716
2020-06-09T00:00:00.000Z,0.26,16.37,2.04,1.54,2.6,1.337,711
2020-06-10T00:00:00.000Z,2.74,9.78,4.42,3.88,5.14,1.249,719
2020-06-11T00:00:00.000Z,0.97,10.93,3.61,2.42,4.84,1.718,718
2020-06-12T00:00:00.000Z,1.63,50.11,13.72,4.28,19.01,8.048,713
2020-06-13T00:00:00.000Z,4.22,25.18,11.67,8.59,17.45,5.484,716
2020-06-14T00:00:00.000Z,4.29,15.88,6.7,6.11,7.3,0.992,717
2020-06-15T00:00:00.000Z,2.4,25.66,5.55,4.42,7.16,2.317,718
2020-06-16T00:00:00.000Z,4.44,13.89,7.54,6.6,8.74,1.625,718
2020-06-17T00:00:00.000Z,6.77,28.94,13.14,10.87,17.77,5.05,720
2020-06-18T00:00:00.000Z,3.64,22.83,13.42,7.11,15.68,4.812,715
2020-06-19T00:00:00.000Z,5.78,23.07,12.55,10.18,15.98,3.672,714
2020-06-20T00:00:00.000Z,4.48,26.19,8.38,6.31,11.04,5.874,716
2020-06-21T00:00:00.000Z,2.62,28.74,5.67,4.8,6.55,1.705,717
2020-06-22T00:00:00.000Z,0.11,16,2.74,1.47,7.25,4.325,718
2020-06-23T00:00:00.000Z,0.78,40,2.98,2.27,4.29,9.12,640
2020-06-24T00:00:00.000Z,2.58,33.04,9.93,6.3,18.93,7.923,655
2020-06-25T00:00:00.000Z,4.73,15.69,8.19,6.33,11.04,2.777,648
2020-06-26T00:00:00.000Z,8.13,34.74,23.09,13.35,25.04,6.041,641
2020-06-27T00:00:00.000Z,15.05,73.67,20.87,18.66,24.67,4.18,601
2020-06-28T00:00:00.000Z,1.12,36.24,4.44,2.56,17.76,10.533,573
2020-06-29T00:00:00.000Z,1.27,18.39,2.89,2.31,3.78,1.287,548
2020-06-30T00:00:00.000Z,1.48,37.35,3.8,3.09,4.62,2.326,547
2020-07-01T00:00:00.000Z,0.8,10.15,4.05,2.54,5.28,1.991,524
2020-07-02T00:00:00.000Z,0,10.78,1.01,0.64,5.03,3.327,534
2020-07-03T00:00:00.000Z,0.2,4.43,1.38,0.97,2.42,0.914,533
2020-07-04T00:00:00.000Z,0,6.04,1.25,0.53,2.44,1.12,577
2020-07-05T00:00:00.000Z,0,9.53,1.55,0.79,3.31,2.143,546
2020-07-06T00:00:00.000Z,0.04,2.89,1.21,0.88,1.63,0.553,346
2020-07-07T00:00:00.000Z,0,2.04,0.86,0.53,1.15,0.43,532
2020-07-08T00:00:00.000Z,0,1.68,0.41,0.17,0.72,0.356,530
2020-07-09T00:00:00.000Z,0,9.27,0.78,0.46,1.12,0.822,567
2020-07-10T00:00:00.000Z,0.1,15.32,1.09,0.81,1.67,1.554,560
2020-07-11T00:00:00.000Z,0,5.45,1.15,0.6,2.02,0.978,566
2020-07-12T00:00:00.000Z,0,88.41,1.24,0.73,2.67,5.364,562
2020-07-13T00:00:00.000Z,1.17,7.54,2.48,2.16,2.86,0.851,554
2020-07-14T00:00:00.000Z,3.81,17.27,10.98,6.4,13.29,3.774,537
2020-07-15T00:00:00.000Z,0,7.86,1.89,1.23,4.66,2.144,547
2020-07-16T00:00:00.000Z,1,22.64,3.05,2.43,4.17,2.401,545
2020-07-17T00:00:00.000Z,0.56,9.44,5.84,4.48,7.02,1.963,555
2020-07-18T00:00:00.000Z,1.14,14.55,5.54,4.44,6.94,2.572,563
2020-07-19T00:00:00.000Z,2.6,32.21,16.53,13.58,20.32,5.243,573
2020-07-20T00:00:00.000Z,0,3.21,1.04,0.6,1.65,0.745,543
2020-07-21T00:00:00.000Z,0,5.01,0.45,0.14,1.02,0.651,528
2020-07-22T00:00:00.000Z,0,2.86,0.35,0.17,0.67,0.497,530
2020-07-23T00:00:00.000Z,0,15.39,1.79,0.97,3.47,2.872,521
2020-07-24T00:00:00.000Z,0,16.23,1.49,0.89,3.25,4.109,546
2020-07-25T00:00:00.000Z,0,27.26,1.84,1.02,3.76,6.988,548
2020-07-26T00:00:00.000Z,0.23,29.87,6.3,3.28,18.67,9.606,519
2020-07-27T00:00:00.000Z,3.33,10.44,5.82,4.98,6.75,1.112,510
2020-07-28T00:00:00.000Z,0.25,12,2.04,1.37,7.76,3.46,472
2020-07-29T00:00:00.000Z,0,3.21,0.77,0.4,1.12,0.521,489
2020-07-30T00:00:00.000Z,0.31,6.09,1.24,0.93,1.59,0.668,493
2020-07-31T00:00:00.000Z,1.35,5.09,2.33,2.04,2.75,0.506,324
2020-08-05T00:00:00.000Z,2.29,14.12,6.04,3.53,7.67,2.767,442
2020-08-06T00:00:00.000Z,2.5,17.71,10.8,4.58,13.29,4.332,620
2020-08-07T00:00:00.000Z,8.68,3342.67,17.39,11.85,3328.44,1552.16,630
2020-08-08T00:00:00.000Z,3.29,3368.95,32,7.05,3334.33,1621.34,621
2020-08-09T00:00:00.000Z,7.91,42.9,16.64,12.91,18.71,4.327,628
2020-08-10T00:00:00.000Z,3.94,29.31,16.91,11.11,19.36,5.615,629
2020-08-11T00:00:00.000Z,1.54,23.57,6.57,4.09,8.36,4.492,625
2020-08-12T00:00:00.000Z,0.52,5.43,2.42,1.96,2.87,0.908,632
2020-08-13T00:00:00.000Z,2.49,20.39,5.53,3.96,6.11,1.624,606
2020-08-14T00:00:00.000Z,5.85,32.47,9.02,7.98,10.92,3.788,630
2020-08-15T00:00:00.000Z,10.96,47.62,15.63,14.1,25.13,6.864,631
2020-08-16T00:00:00.000Z,10.8,35.59,17.02,15.3,19.39,3.65,625
2020-08-17T00:00:00.000Z,6.75,37.29,19.67,10,23.8,6.651,626
2020-08-18T00:00:00.000Z,5.6,29.31,12.33,10.08,14.77,3.841,629
2020-08-19T00:00:00.000Z,1.47,20.42,5.35,3.25,13.12,5.68,591
2020-08-20T00:00:00.000Z,4.11,29.34,15.07,6.96,23.48,7.842,569
2020-08-21T00:00:00.000Z,1.78,39.06,11.12,5.04,24.8,11.581,576
2020-08-22T00:00:00.000Z,0.45,7.04,2.87,2.34,3.3,0.813,522
2020-08-23T00:00:00.000Z,0.05,6.15,1.81,1.28,2.38,0.765,524
2020-08-24T00:00:00.000Z,0,8.05,0.8,0.38,1.35,0.687,482
2020-08-25T00:00:00.000Z,0,3.9,1.06,0.67,1.46,0.739,498
2020-08-26T00:00:00.000Z,0.14,11.13,5.54,2.17,7.91,3.087,505
2020-08-27T00:00:00.000Z,0.49,12.61,1.76,1.3,2.66,1.787,565
2020-08-28T00:00:00.000Z,0.73,6.74,2.54,1.74,4.68,1.613,521
2020-08-29T00:00:00.000Z,0.14,45.02,6.55,3.3,8.96,4.399,509
2020-08-30T00:00:00.000Z,0.56,7.33,2.27,1.56,4.79,1.803,511
2020-08-31T00:00:00.000Z,0,6.71,0.55,0,1.62,1.201,505
2020-09-01T00:00:00.000Z,0,6.95,1.33,0.32,2.22,1.621,526
2020-09-02T00:00:00.000Z,1.57,33.52,5.07,3.66,6.7,2.454,507
2020-09-03T00:00:00.000Z,3.07,24.05,6.58,5.42,8.89,4.607,488
2020-09-04T00:00:00.000Z,0,5.03,1.42,0.93,2.09,0.856,485
2020-09-05T00:00:00.000Z,0,3.72,1.5,0.93,2.41,0.898,494
2020-09-06T00:00:00.000Z,0,2.64,0.91,0.5,1.33,0.532,501
2020-09-07T00:00:00.000Z,0,3.81,0.52,0.27,0.88,0.604,462
2020-09-08T00:00:00.000Z,0,4.98,2.36,1.82,2.91,1.145,406
2020-09-09T00:00:00.000Z,0,14.62,2.52,1.11,5.76,3.429,387
2020-09-10T00:00:00.000Z,0,3.07,0.91,0.24,1.4,0.705,411
2020-09-11T00:00:00.000Z,1.09,8.41,3.59,2.29,4.8,1.776,350
2020-09-12T00:00:00.000Z,0.17,7.89,3.91,2.8,5.76,1.913,319
2020-09-13T00:00:00.000Z,1.89,7.55,5.01,3.39,5.93,1.41,388
2020-09-14T00:00:00.000Z,3.74,11.62,6.43,5.45,8.19,1.942,340
2020-09-15T00:00:00.000Z,8.41,32.26,13.64,12.02,16.3,3.855,329
2020-09-16T00:00:00.000Z,0,39.79,8.42,0.4,16.8,12.298,422
2020-09-17T00:00:00.000Z,0,10.11,0.23,0.02,0.98,1.108,358
2020-09-18T00:00:00.000Z,0,45.5,1.33,0.59,2.17,3.407,354
2020-09-19T00:00:00.000Z,1.31,24.25,7.49,4.55,12.33,6.171,442
2020-09-20T00:00:00.000Z,6.02,21.69,11.62,9.91,13.85,3.099,427
2020-09-21T00:00:00.000Z,1.89,31.81,8.52,5.26,11.53,5.42,403
2020-09-22T00:00:00.000Z,7.71,38.93,24.27,19.25,32.64,8.422,427
2020-09-23T00:00:00.000Z,4.4,46.71,31.32,24.79,36.79,9.454,461
2020-09-24T00:00:00.000Z,0,36.54,2.91,1.51,10.23,11.146,467
2020-09-25T00:00:00.000Z,2.81,10.54,4.65,4.07,6.57,1.693,479
2020-09-26T00:00:00.000Z,0.11,17.19,3.56,2.22,7.15,3.114,497
2020-09-27T00:00:00.000Z,11.32,32.65,26.24,23.1,30.07,4.725,506
2020-09-28T00:00:00.000Z,6.09,26.93,19.32,15.09,21.8,5.154,461
2020-09-29T00:00:00.000Z,3.95,25.15,11.44,6.44,18.05,5.895,459
2020-09-30T00:00:00.000Z,8.19,35.11,21.35,17.37,28.08,7.281,386
2020-10-01T00:00:00.000Z,7.64,28.46,20.85,16.23,24.66,5.482,186
2020-10-02T00:00:00.000Z,6.1,32.96,17.57,13.69,20.27,5.237,288
2020-10-03T00:00:00.000Z,12.02,33.68,17.41,15.64,28.46,6.761,284
2020-10-04T00:00:00.000Z,0.43,34.56,4.66,2.09,17,12.126,299
2020-10-05T00:00:00.000Z,0.83,6.47,1.81,1.44,2.25,1.002,318
2020-10-06T00:00:00.000Z,2.04,23.39,8.15,5,13.69,5.359,342
2020-10-07T00:00:00.000Z,0.02,19.12,2.5,1.01,10.68,5.991,328
2020-10-08T00:00:00.000Z,0.26,20.75,1.74,1.29,5.75,3.276,312
2020-10-09T00:00:00.000Z,0,5.01,1.07,0.73,1.69,0.738,369
2020-10-10T00:00:00.000Z,0,11.83,0.86,0.28,1.53,1.408,397
2020-10-11T00:00:00.000Z,0.18,38.65,1.11,0.73,3.5,4.865,425
2020-10-12T00:00:00.000Z,0,9.28,1.42,0.93,2.5,1.375,376
2020-10-13T00:00:00.000Z,0,11.82,3.04,1.25,4.09,2.056,418
2020-10-14T00:00:00.000Z,0,2.16,0.17,0,0.36,0.381,401
2020-10-15T00:00:00.000Z,0,6.12,0.65,0.34,1.2,0.895,392
2020-10-16T00:00:00.000Z,0,19.04,3.8,1,10.11,5.344,403
2020-10-17T00:00:00.000Z,0,3.87,0.67,0.33,1.1,0.74,422
2020-10-18T00:00:00.000Z,0,8.55,0.49,0.09,1.22,1.178,410
2020-10-19T00:00:00.000Z,0,11.44,0.79,0.41,2.14,1.516,427
2020-10-20T00:00:00.000Z,3.7,39.83,17.6,12.8,26.16,9.335,407
2020-10-21T00:00:00.000Z,0.61,42.82,36.58,15.25,38.06,12.46,385
2020-10-22T00:00:00.000Z,0,6.31,1.39,0.56,2.1,1.265,409
2020-10-23T00:00:00.000Z,0,26.67,1.19,0.42,6.48,6.093,368
2020-10-24T00:00:00.000Z,0.56,62.28,4.13,2.46,14.35,8.634,398
2020-10-25T00:00:00.000Z,0.95,19.19,4.05,2.65,7.31,4.612,499
2020-10-26T00:00:00.000Z,5.2,19.23,13.51,12.15,16.02,2.951,461
2020-10-27T00:00:00.000Z,0.13,21.06,10.37,6.04,14.48,5.559,405
2020-10-28T00:00:00.000Z,0,13.71,2.98,2.06,3.82,1.982,422
2020-10-29T00:00:00.000Z,0.3,17.18,5.46,3.02,10.74,4.334,430
2020-10-30T00:00:00.000Z,0,67.56,4.46,1.84,7.22,8.798,448
2020-10-31T00:00:00.000Z,0,24.19,4.26,2.72,8.46,4.119,426
2020-11-01T00:00:00.000Z,1.81,17.96,4.15,3.22,7.02,3.412,451
2020-11-02T00:00:00.000Z,0.02,17.69,1.71,1.11,2.4,1.691,450
2020-11-03T00:00:00.000Z,0,9.36,1.62,0.88,2.74,1.699,443
2020-11-04T00:00:00.000Z,0,28.8,0.53,0.08,1.34,3.898,305
2020-11-05T00:00:00.000Z,0,8.86,0.81,0.3,1.92,1.327,313
2020-11-06T00:00:00.000Z,0.22,8.33,2.33,1.62,3.49,1.329,312
2020-11-07T00:00:00.000Z,1.23,52.25,11.51,3.5,22.72,12.789,362
2020-11-08T00:00:00.000Z,2.71,35.93,15.71,9.55,21.43,7.066,308
2020-11-09T00:00:00.000Z,9.18,25.21,15.29,11.56,17.8,3.727,258
2020-11-10T00:00:00.000Z,14.78,37.65,24.52,21.59,28.9,4.733,281
2020-11-11T00:00:00.000Z,18.04,35,28.07,23.37,30.91,4.324,304
2020-11-12T00:00:00.000Z,10.38,32.89,21.54,16,25.98,5.899,290
2020-11-13T00:00:00.000Z,5.5,30.26,15.43,9.21,19.02,6.22,272
2020-11-14T00:00:00.000Z,1.65,37.54,6.19,3.83,12.55,10.282,282
2020-11-15T00:00:00.000Z,0,37.22,17.11,14.48,28.76,8.147,257
2020-11-16T00:00:00.000Z,0,9.96,2.48,1,3.34,1.472,251
2020-11-17T00:00:00.000Z,0,8.47,2.31,0.99,4.63,2.263,237
2020-11-20T00:00:00.000Z,0.93,3.02,1.85,1.49,2.2,0.502,36
2020-11-21T00:00:00.000Z,0,19.8,4.23,1.85,11,5.384,278
2020-11-22T00:00:00.000Z,0,22.95,1.19,0.9,1.84,4.185,266
2020-11-23T00:00:00.000Z,0,12.93,0.86,0.4,2,1.725,245
2020-11-24T00:00:00.000Z,0.73,25.63,3.18,1.82,4.24,5.396,261
2020-11-25T00:00:00.000Z,19.96,54.02,30.48,27.93,32.39,4.729,273
2020-11-26T00:00:00.000Z,0,37.79,1.15,0.47,5.27,13.516,271
2020-11-27T00:00:00.000Z,0.71,37.86,3.73,2.06,14.17,7.77,258
2020-11-28T00:00:00.000Z,1.24,35.11,7.98,4.15,12.16,5.8,256
2020-11-29T00:00:00.000Z,1.74,23.76,4.38,3.13,6.57,3.079,269
2020-11-30T00:00:00.000Z,2.44,31.93,17.6,8.89,25.39,8.128,251
2020-12-01T00:00:00.000Z,10.81,38,24.33,18.3,27.87,6.418,232
2020-12-02T00:00:00.000Z,14.13,38.47,28.12,23.57,32.64,5.335,257
2020-12-03T00:00:00.000Z,15.75,41.52,27.97,24.17,35.33,6.215,214
2020-12-04T00:00:00.000Z,6.95,39.74,30.87,27.88,36.22,7.983,255
2020-12-05T00:00:00.000Z,19.8,46.15,38.44,33.4,39.93,5.747,247
2020-12-06T00:00:00.000Z,21.56,50.86,33.2,30.28,36.14,4.815,315
2020-12-07T00:00:00.000Z,5.19,39.15,31.93,28.91,34.04,9.689,233
2020-12-08T00:00:00.000Z,4.53,45,18.34,11.36,30.83,11.447,212
2021-04-10T00:00:00.000Z,0,14.5,1.3,0.7,3.3,2.795,223
2021-04-11T00:00:00.000Z,0.5,11.4,3.3,2,4.9,2.174,375
2021-04-12T00:00:00.000Z,0,4.8,1.25,0.5,2.04,1.006,332
2021-04-13T00:00:00.000Z,0,7.6,1.6,0.65,2.8,1.317,344
2021-04-14T00:00:00.000Z,0.2,16.2,2.9,1.9,3.8,1.673,363
2021-04-15T00:00:00.000Z,0,14,2.4,1,4.3,3.592,355
2021-04-16T00:00:00.000Z,0.6,12.9,2.9,1.4,3.9,2.14,366
2021-04-17T00:00:00.000Z,1.1,9.3,3.4,2.5,4.2,1.446,380
2021-04-18T00:00:00.000Z,1.3,20.7,3.4,1.9,5.5,3.137,349
2021-04-19T00:00:00.000Z,1.7,19.1,6.7,3.4,11.3,4.722,380
2021-04-20T00:00:00.000Z,6.2,25.5,13.6,9.7,18.1,4.785,382
2021-04-21T00:00:00.000Z,0,38,3.15,2.3,24.4,12.602,366
2021-04-22T00:00:00.000Z,0.4,9.2,2.29,1.4,3,1.255,344
2021-04-23T00:00:00.000Z,0.6,8.9,3,1.9,3.85,1.294,353
2021-04-24T00:00:00.000Z,0,9.3,1,0.2,3.4,2.262,349
2021-04-25T00:00:00.000Z,0,8.2,1.1,0.2,3.2,1.717,329
2021-04-26T00:00:00.000Z,0,16,1.6,0.9,2.5,1.287,350
2021-04-27T00:00:00.000Z,1.1,28.6,4.4,2.54,5.6,2.324,373
2021-04-28T00:00:00.000Z,0.4,21.8,6.8,4.09,9.9,5.223,377
2021-04-29T00:00:00.000Z,7.5,25,14.35,12.8,17.1,3.265,372
2021-04-30T00:00:00.000Z,5.4,22.4,15.3,10.35,19.25,5.023,172
2021-05-03T00:00:00.000Z,0.7,16.5,2.2,1.4,3.7,4.132,130
2021-05-04T00:00:00.000Z,1.1,32.1,12.1,3.6,17.1,7.296,375
2021-05-05T00:00:00.000Z,0.1,14.4,3.3,1.7,5.7,2.488,363
2021-05-06T00:00:00.000Z,0,13.2,1.9,1.4,5.15,2.414,329
2021-05-07T00:00:00.000Z,0.8,14.1,4.5,3.5,7.4,2.408,363
2021-05-08T00:00:00.000Z,1.5,38.3,6.7,3.6,8.8,4.752,385
2021-05-09T00:00:00.000Z,3.4,24,10.3,6.45,17.1,5.839,380
2021-05-10T00:00:00.000Z,1.3,20.8,8.4,2.7,11.4,5.254,368
2021-05-11T00:00:00.000Z,0.3,9,3.6,2.04,4.7,1.662,356
2021-05-12T00:00:00.000Z,0.7,18.9,7.8,4.59,12.2,4.39,375
2021-05-13T00:00:00.000Z,7,19.5,13,11.3,14.6,2.39,375
2021-05-14T00:00:00.000Z,8.4,28.1,20.39,17.5,22,4.218,371
2021-05-15T00:00:00.000Z,1.7,37,6.5,4.5,11,4.81,367
2021-05-16T00:00:00.000Z,1.2,31.9,13.65,5.09,19.6,7.378,390
2021-05-17T00:00:00.000Z,2.4,23.3,8.2,6.3,15.3,5.231,361
2021-05-18T00:00:00.000Z,2.1,20.3,8.3,5.7,13.8,4.896,365
2021-05-19T00:00:00.000Z,1.2,24.2,9.2,5,13.5,5.699,373
2021-05-20T00:00:00.000Z,0.3,12.6,2.2,1.6,3.4,2.394,368
2021-05-21T00:00:00.000Z,0.8,24.2,7.1,2.8,13.5,6.837,367
2021-05-22T00:00:00.000Z,1.7,9.9,4.3,2.9,5.4,1.543,341
2021-05-23T00:00:00.000Z,0.2,9.7,2.3,1.6,3.15,1.665,353
2021-05-24T00:00:00.000Z,3.6,13.9,6.7,5.3,9.3,2.617,378
2021-05-25T00:00:00.000Z,1.3,21.2,7.7,4.4,10.8,3.736,386
2021-05-26T00:00:00.000Z,0,9.1,2.4,1.9,3.35,1.898,365
2021-05-27T00:00:00.000Z,0,12.7,3.75,1.7,5.5,2.336,348
2021-05-28T00:00:00.000Z,3.6,15.6,10.3,8.2,12,2.929,388
2021-05-29T00:00:00.000Z,5.4,28.2,10.9,9.3,12.1,2.842,368
2021-05-30T00:00:00.000Z,5.6,23.2,9.6,8.1,13.6,4.083,382
2021-05-31T00:00:00.000Z,3.9,25.5,9,7,17.8,6.885,364
2021-06-01T00:00:00.000Z,3.3,28.8,18.7,15.4,21.4,5.184,398
2021-06-02T00:00:00.000Z,1.9,24.4,7.5,5.45,9.1,4.947,360
2021-06-03T00:00:00.000Z,8.6,18.9,11.7,10.4,15.25,2.876,392
2021-06-04T00:00:00.000Z,7.8,87.8,11.8,9.8,14.9,8.439,375
2021-06-05T00:00:00.000Z,9.9,36.9,13.4,11.5,21.25,7.769,389
2021-06-06T00:00:00.000Z,7.4,21.2,12.5,9.69,15.85,3.498,388
2021-06-07T00:00:00.000Z,1.4,31.1,8.7,5.09,16.5,8,450
2021-06-08T00:00:00.000Z,2.4,14.8,8.1,5.95,12.1,3.421,425
2021-06-09T00:00:00.000Z,3.2,29.1,9.8,5.8,13.55,6.574,429
2021-06-10T00:00:00.000Z,2.9,29.7,10.1,8.1,15.1,5.942,389
2021-06-11T00:00:00.000Z,5.4,65.6,9.1,7.5,11.8,5.354,517
2021-06-12T00:00:00.000Z,2.2,7.8,4.4,3.5,5.5,1.264,272
2021-06-14T00:00:00.000Z,1.1,16.5,5.25,2.5,10.9,4.726,222
2021-06-15T00:00:00.000Z,0.8,11.1,2.2,1.7,3.9,1.399,538
2021-06-16T00:00:00.000Z,2.8,19.2,5.7,4.9,7,1.62,584
2021-06-17T00:00:00.000Z,5.1,36.3,21.7,6.6,29.7,10.985,579
2021-06-18T00:00:00.000Z,6,54.1,24.1,10.6,32.2,13.868,585
2021-06-19T00:00:00.000Z,4.8,21.8,10.4,8.1,14.6,4.25,571
2021-06-20T00:00:00.000Z,0.5,23.6,8.6,3.1,14.65,6.103,532
2021-06-21T00:00:00.000Z,0.9,14.3,5.5,2.95,6.5,2.352,557
2021-06-22T00:00:00.000Z,2,17.1,6.2,5.6,7,1.681,568
2021-06-23T00:00:00.000Z,0.2,44.8,3.9,2.1,9.15,8.462,561
2021-06-24T00:00:00.000Z,4.7,15.6,9.2,7.4,10.6,2.143,584
2021-06-25T00:00:00.000Z,4.4,14.9,9.9,8.4,11.9,2.342,577
2021-06-26T00:00:00.000Z,3.9,28.6,13.7,10.75,15.8,3.758,577
2021-06-27T00:00:00.000Z,0.9,9.1,3.8,2.6,5.6,2.053,550
2021-06-28T00:00:00.000Z,1.7,11.7,4.5,3.3,8.3,2.77,558
2021-06-29T00:00:00.000Z,5.4,14.8,9,8,10.9,1.999,565
2021-06-30T00:00:00.000Z,7.2,18.3,13.1,11.4,15.4,2.547,589
2021-07-01T00:00:00.000Z,2.3,17.1,6,4.3,10.6,4.135,552
2021-07-02T00:00:00.000Z,5.4,23.4,15.5,11.2,18.3,4.115,576
2021-07-03T00:00:00.000Z,0.9,29.3,12.6,4.2,18.3,8.048,574
2021-07-04T00:00:00.000Z,9.4,40.7,15.3,12.5,18.6,4.178,601
2021-07-05T00:00:00.000Z,3.1,21.7,7.9,5.7,11.2,3.42,583
2021-07-06T00:00:00.000Z,2.3,9.6,6,4.5,6.9,1.594,573
2021-07-07T00:00:00.000Z,1.8,7.6,4.1,3.1,5.3,1.329,562
2021-07-08T00:00:00.000Z,3.2,11.3,6.1,5.09,7.3,1.561,538
2021-07-09T00:00:00.000Z,4.9,16.5,10.8,9.25,12.4,2.153,568
2021-07-10T00:00:00.000Z,2,15.7,7.8,3.8,8.85,3.179,561
2021-07-11T00:00:00.000Z,2.5,7.6,3.7,3.5,4.09,0.734,554
2021-07-12T00:00:00.000Z,4.5,16.5,9.5,6,11.5,3.298,550
2021-07-13T00:00:00.000Z,8.5,27.1,13.7,11.5,16.75,4.378,568
2021-07-14T00:00:00.000Z,6.9,27.6,19.9,17.6,23.5,4.564,582
2021-07-15T00:00:00.000Z,5.5,30.7,14.4,9.05,20.95,6.88,600
2021-07-16T00:00:00.000Z,4.1,20.2,9.9,8.5,13,3.823,589
2021-07-17T00:00:00.000Z,0.6,8.7,2.5,1.8,3.8,1.487,543
2021-07-18T00:00:00.000Z,2,17.2,4,3.5,4.59,3.097,528
2021-07-19T00:00:00.000Z,2.8,8,4.9,3.8,6.1,1.278,551
2021-07-20T00:00:00.000Z,0.9,14.2,3.3,2.1,6.1,2.961,551
2021-07-21T00:00:00.000Z,2.3,10.1,6.1,5.4,7,1.551,537
2021-07-22T00:00:00.000Z,5.1,27.3,8.1,6.9,8.7,1.797,541
2021-07-23T00:00:00.000Z,4.6,17.4,6.9,6.3,7.6,1.26,548
2021-07-24T00:00:00.000Z,5.9,27.9,10.3,9.1,15.4,4.314,547
2021-07-25T00:00:00.000Z,5.8,18,11.9,8.6,13.3,2.956,543
2021-07-26T00:00:00.000Z,6.6,33.7,14.85,8.7,21.8,7.495,554
2021-07-27T00:00:00.000Z,5.5,38.2,14.7,9.9,25.45,10.091,584
2021-07-28T00:00:00.000Z,2.9,26.3,10.1,8.3,17.6,5.298,556
2021-07-29T00:00:00.000Z,0.2,16.9,3.5,1.5,6.5,4.178,514
2021-07-30T00:00:00.000Z,1.5,9.7,3.8,2.9,4.9,1.574,511
2021-07-31T00:00:00.000Z,0.4,14.1,5.35,3.4,8.55,3.249,548
2021-08-01T00:00:00.000Z,0,2.3,1,0.7,1.3,0.411,476
2021-08-02T00:00:00.000Z,0.8,4.2,1.7,1.4,2.1,0.622,530
2021-08-03T00:00:00.000Z,0.9,7.3,1.9,1.7,2.29,0.603,519
2021-08-04T00:00:00.000Z,1.3,6.5,3.2,2.6,4,0.94,509
2021-08-05T00:00:00.000Z,2.5,7.2,4,3.6,4.59,0.804,534
2021-08-06T00:00:00.000Z,1.9,9.4,4,3.2,5.55,1.732,504
2021-08-07T00:00:00.000Z,2,11.9,4.5,3.45,5.9,2.081,493
2021-08-08T00:00:00.000Z,0.7,21.8,5.2,4.3,6.1,2.325,500
2021-08-09T00:00:00.000Z,3.7,9.4,6,5.4,6.9,1.047,514
2021-08-10T00:00:00.000Z,0.9,10,4,2.8,5.1,1.759,494
2021-08-11T00:00:00.000Z,0.2,9.5,4.5,2.7,6.8,2.249,501
2021-08-12T00:00:00.000Z,5.2,41.4,12.5,10,14.7,4.442,530
2021-08-13T00:00:00.000Z,2.5,32.6,7.9,4.8,21.3,9.184,530
2021-08-14T00:00:00.000Z,1.9,8.8,3.9,2.85,5.2,1.526,488
2021-08-15T00:00:00.000Z,1.1,6.9,2.9,2.4,3.4,0.798,488
2021-08-16T00:00:00.000Z,0,5.4,2,0.7,3,1.321,431
2021-08-17T00:00:00.000Z,0,5.8,1.7,1.2,3.7,1.375,512
2021-08-18T00:00:00.000Z,0,5.9,2.3,1.4,3.7,1.335,481
2021-08-19T00:00:00.000Z,0.2,3.3,1.5,1.1,1.9,0.51,473
2021-08-20T00:00:00.000Z,0,5.1,1.4,0.8,2.2,0.975,487
2021-08-21T00:00:00.000Z,1,28.9,2.2,1.9,2.7,2.78,482
2021-08-22T00:00:00.000Z,1.3,19.9,3.3,2.8,4.1,2.001,463
2021-08-23T00:00:00.000Z,0.5,31.7,5.8,3.2,7.5,3.056,500
2021-08-24T00:00:00.000Z,0.7,15.6,4.5,3.4,6.2,3.09,515
2021-08-25T00:00:00.000Z,0.1,8.2,3.25,2.3,4.7,1.8,496
2021-08-26T00:00:00.000Z,0,3.2,0.7,0.3,1.1,0.529,467
2021-08-27T00:00:00.000Z,0.3,7.8,3,1.6,3.9,1.565,489
2021-08-28T00:00:00.000Z,0.2,6.3,3.8,1.6,4.5,1.645,420
2021-08-29T00:00:00.000Z,2.2,17,9.19,6.8,12.3,3.254,478
2021-08-30T00:00:00.000Z,4.9,13.1,9.8,7,11.4,2.355,491
2021-08-31T00:00:00.000Z,4,19.1,8.3,6,9.6,2.066,521
2021-09-01T00:00:00.000Z,4,17.4,7.95,6.3,9.5,2.186,520
2021-09-02T00:00:00.000Z,9.9,24.3,16,13.1,19.3,3.773,526
2021-09-03T00:00:00.000Z,2.5,13.4,6.2,5.3,7.4,1.643,523
2021-09-04T00:00:00.000Z,0.3,14.2,1.3,0.9,2.8,2.601,471
2021-09-05T00:00:00.000Z,0.1,3.9,0.8,0.6,1.95,0.82,408
2021-09-06T00:00:00.000Z,0.4,37.5,2.85,1.6,7.4,4.321,430
2021-09-07T00:00:00.000Z,6.8,21.5,12.5,11,15.3,2.883,450
2021-09-08T00:00:00.000Z,13.5,48.4,32.5,26.3,35.75,6.455,584
2021-09-09T00:00:00.000Z,17.1,43.9,28.65,22.6,34.9,6.807,582
2021-09-10T00:00:00.000Z,10.4,44,33.9,27.1,37.6,9.021,574
2021-09-11T00:00:00.000Z,2.3,38.2,9.9,7.6,17.3,5.678,627
2021-09-12T00:00:00.000Z,0.2,20.2,3,1,4.7,4.969,565
2021-09-13T00:00:00.000Z,1.7,10.7,2.9,2.6,3.3,0.811,550
2021-09-14T00:00:00.000Z,1.5,28.4,7.2,5.1,10.8,3.545,587
2021-09-15T00:00:00.000Z,2.1,19.4,5.2,3.7,10,4.631,594
2021-09-16T00:00:00.000Z,0,22.2,7.7,1,14,7.251,527
2021-09-17T00:00:00.000Z,0,3.1,1,0.2,1.8,0.872,495
2021-09-18T00:00:00.000Z,1,8.1,4.4,3.4,5.2,1.347,557
2021-09-19T00:00:00.000Z,1.3,12.6,2.9,2.2,3.7,1.402,539
2021-09-20T00:00:00.000Z,3.4,10.9,5.2,4.6,7.7,1.963,584
2021-09-21T00:00:00.000Z,1.8,13.3,6.6,3.3,8.85,3.138,593
2021-09-22T00:00:00.000Z,2.3,7.2,4.5,3.9,5.6,1.02,572
2021-09-23T00:00:00.000Z,0,11,2.8,1.8,5.5,2.591,557
2021-09-24T00:00:00.000Z,1.1,8.6,2.4,1.8,3.5,1.335,575
2021-09-25T00:00:00.000Z,0.3,44.2,3.3,1.4,3.9,5.154,554
2021-09-26T00:00:00.000Z,0.3,16.3,4.1,2.4,6,2.481,563
2021-09-27T00:00:00.000Z,1.1,39.5,23.75,7.4,30.2,11.699,594
2021-09-28T00:00:00.000Z,0.2,31.9,1.5,1.1,2.4,2.049,534
2021-09-29T00:00:00.000Z,0.6,12.5,2.9,1.9,3.9,2.063,530
2021-09-30T00:00:00.000Z,0,6.9,2,1,3.2,1.613,549
2021-10-01T00:00:00.000Z,1.2,14.1,5.5,3.4,8.35,3.347,572
2021-10-02T00:00:00.000Z,1.3,17.4,10.6,6.8,13.4,4.138,595
2021-10-03T00:00:00.000Z,0,12.6,9.3,7.8,10.6,3.774,527
2021-10-04T00:00:00.000Z,0.1,10.9,6.4,3.4,7.3,2.747,562
2021-10-05T00:00:00.000Z,0,8.1,3.2,1.2,4.5,2.013,526
2021-10-06T00:00:00.000Z,2,24.3,8.8,6.1,13.05,4.334,568
2021-10-07T00:00:00.000Z,6.8,27.2,14.2,10.85,16.89,4.077,593
2021-10-08T00:00:00.000Z,8,32.4,21.2,16.1,24.4,5.783,590
2021-10-09T00:00:00.000Z,10.7,36.7,22.8,16.3,26.7,6.373,592
2021-10-10T00:00:00.000Z,3.4,34,17.4,15.6,21.05,5.833,585
2021-10-11T00:00:00.000Z,0,3.7,0.8,0.6,1.2,0.628,508
2021-10-12T00:00:00.000Z,0,10.4,0.3,0.1,0.9,0.912,467
2021-10-13T00:00:00.000Z,0.1,8.2,1.6,1.1,2.9,1.381,542
2021-10-14T00:00:00.000Z,0,39.6,1.6,0.7,6,5.088,539
2021-10-15T00:00:00.000Z,0,20,1.6,0.8,2.1,1.764,571
2021-10-16T00:00:00.000Z,0.1,5.2,2,1.35,2.5,0.891,536
2021-10-17T00:00:00.000Z,0,18.5,4.2,1.7,5.8,2.688,548
2021-10-18T00:00:00.000Z,0,28.9,2.7,1.7,4.3,5.644,558
2021-10-19T00:00:00.000Z,1.5,40.4,33.4,21.55,36.04,11.993,613
2021-10-20T00:00:00.000Z,0.1,23.9,3.65,2.9,5.5,5.99,566
2021-10-21T00:00:00.000Z,0,35,0.7,0.4,1.1,4.169,545
2021-10-22T00:00:00.000Z,0,7.1,0.6,0.25,1.5,0.969,505
2021-10-23T00:00:00.000Z,0.4,46.8,1.5,1.1,2.8,5.154,558
2021-10-24T00:00:00.000Z,1.1,25.5,7.5,4.4,11.3,5.529,578
2021-10-25T00:00:00.000Z,7.5,32.8,25.9,13.65,28.55,8.203,600
2021-10-26T00:00:00.000Z,0.4,23.5,4.7,2.29,7.7,4.93,579
2021-10-27T00:00:00.000Z,0.7,8.4,3.9,2.9,5.2,1.563,571
2021-10-28T00:00:00.000Z,2.7,24.4,12.35,8.4,14.6,4.417,610
2021-10-29T00:00:00.000Z,9,31,19.39,14.2,23.9,5.984,598
2021-10-30T00:00:00.000Z,10.1,43.3,22,18.1,27.7,8.951,583
2021-10-31T00:00:00.000Z,5.1,38.9,15.2,9,22.75,7.699,617
2021-11-01T00:00:00.000Z,2,27.3,4.7,3.7,5.7,6.84,572
2021-11-02T00:00:00.000Z,4.5,36.2,15.8,9.55,20.7,7.159,588
2021-11-03T00:00:00.000Z,9.5,46,24.4,16.39,28.1,6.705,607
2021-11-04T00:00:00.000Z,6.7,34.6,23.8,18.3,27.3,6.77,607
2021-11-05T00:00:00.000Z,0,12.7,1.7,1.2,2.7,1.959,551
2021-11-06T00:00:00.000Z,0,14.7,3.4,1.8,5.7,3.035,545
2021-11-07T00:00:00.000Z,0,36.3,1.5,1,3.2,4.566,543
2021-11-08T00:00:00.000Z,0,4.3,1,0.4,1.65,0.879,436
2021-11-09T00:00:00.000Z,0,14.2,8.4,3.75,10.6,3.839,557
2021-11-10T00:00:00.000Z,1.3,55.2,7.5,5.5,9.3,8.842,375
2021-11-11T00:00:00.000Z,0.2,13.4,3,1.7,5.6,2.762,526
2021-11-12T00:00:00.000Z,1.6,21.7,8.9,3.3,14.2,5.761,555
2021-11-13T00:00:00.000Z,17.4,57.4,31,24.7,35,5.864,558
2021-11-14T00:00:00.000Z,4.3,23.6,7.7,6.6,9.3,3.449,553
2021-11-15T00:00:00.000Z,4,35.5,16.2,8.55,20.7,6.721,577
2021-11-16T00:00:00.000Z,11,28.9,20.7,18.39,23,3.711,594
2021-11-17T00:00:00.000Z,0.4,20.6,6.3,3,14.5,5.781,605
2021-11-18T00:00:00.000Z,0,10.5,1.2,0.8,2,1.188,557
2021-11-19T00:00:00.000Z,0.3,11,3.4,2.5,4.1,1.433,556
2021-11-20T00:00:00.000Z,0,32.3,2.2,1.4,3.7,3.487,545
2021-11-21T00:00:00.000Z,0,6.8,0.8,0.4,2.1,1.2,530
2021-11-22T00:00:00.000Z,0.2,45.7,1.8,1.2,3,5.499,541
2021-11-23T00:00:00.000Z,0,7.5,1.4,0.8,1.9,1.002,549
2021-11-24T00:00:00.000Z,0,10.9,0.8,0.2,4.7,2.449,493
2021-11-25T00:00:00.000Z,0,17.8,1.1,0.6,2.9,2.257,509
2021-11-26T00:00:00.000Z,0,116.4,1.8,0.7,4.5,11.023,567
2021-11-27T00:00:00.000Z,0.3,11.3,2.6,1.9,3.4,1.275,557
2021-11-28T00:00:00.000Z,0,23.9,4.6,3,5.9,3.179,554
2021-11-29T00:00:00.000Z,0,40.2,2.7,1.7,9,6.146,568
2021-11-30T00:00:00.000Z,0,34.1,3,1.8,6.15,4.326,525
2021-12-01T00:00:00.000Z,0,13.8,0.6,0.3,2.1,1.687,513
2021-12-02T00:00:00.000Z,0.4,34.3,2.29,1.65,7.45,6.622,293
2021-12-03T00:00:00.000Z,0,11.1,0.75,0.4,2.35,2.073,228
2021-12-04T00:00:00.000Z,0.5,19.6,4.75,2.6,11.4,5.479,536
2021-12-05T00:00:00.000Z,1,4.5,2.1,1.7,2.5,0.617,540
2021-12-06T00:00:00.000Z,1,7.7,1.8,1.5,2.4,0.765,545
2021-12-07T00:00:00.000Z,2.1,40.1,11.4,4.2,35.85,14.229,573
2021-12-08T00:00:00.000Z,23.1,43.6,31.1,29.1,36.9,4.451,594
2021-12-09T00:00:00.000Z,28.3,45.3,38.8,35.54,41.15,4.006,585
2021-12-10T00:00:00.000Z,15.5,49.3,39.1,34.7,43,6.962,485
2021-12-11T00:00:00.000Z,16.4,44.5,24,21.5,26,4.228,613
2021-12-12T00:00:00.000Z,6.1,45.2,15.1,10.19,17.5,5.093,587
2021-12-13T00:00:00.000Z,3.8,16.8,8.2,6,10.35,2.963,576
2021-12-14T00:00:00.000Z,0.1,12.8,2.9,2.1,4.4,1.814,543
2021-12-15T00:00:00.000Z,2.1,14.6,6.3,3.7,7.7,2.321,575
2021-12-16T00:00:00.000Z,2.3,11.9,4.3,3.9,4.8,1.15,579
2021-12-17T00:00:00.000Z,0.7,21.1,4.7,3.4,6.2,2.569,567
2021-12-18T00:00:00.000Z,0.3,15.8,4.1,2.4,5,1.745,566
2021-12-19T00:00:00.000Z,0,24.3,2.1,1.3,2.7,2.665,574
2021-12-20T00:00:00.000Z,0.3,19.8,1.95,1.4,6.05,3.024,536
2021-12-21T00:00:00.000Z,3,64.5,12,9.1,17.39,8.658,602
2021-12-22T00:00:00.000Z,7.6,44.6,13.7,10.3,25.8,9.455,591
2021-12-23T00:00:00.000Z,14.6,63.8,36.25,23.2,39.7,9.641,550
2021-12-24T00:00:00.000Z,0,20.4,2.2,1,12.8,6.653,537
2021-12-25T00:00:00.000Z,0.3,23.4,3.9,1.6,5.4,3.043,530
2021-12-26T00:00:00.000Z,1.5,77.3,19.39,5.1,33.4,16.018,593
2021-12-27T00:00:00.000Z,0.1,50.1,4.4,1.7,24.2,17.416,557
2021-12-28T00:00:00.000Z,43.2,57.3,52.4,50.6,54.15,2.612,593
2021-12-29T00:00:00.000Z,16.9,59,47.6,38.2,49.6,7.892,607
2021-12-30T00:00:00.000Z,4.1,19.2,8.9,6.8,12.35,3.484,588
2021-12-31T00:00:00.000Z,0.1,279,6,3.5,13.2,28.47,590
2022-01-01T00:00:00.000Z,1.7,50.4,15.25,8.2,21.2,10.613,582
2022-01-02T00:00:00.000Z,3.1,34.6,15,11.7,21.1,6.029,603
2022-01-03T00:00:00.000Z,0,20.6,4.5,3.2,5.9,2.786,565
2022-01-04T00:00:00.000Z,0.2,40.5,1.8,1,3,5.353,567
2022-01-05T00:00:00.000Z,0,12.8,1.65,0.9,2.9,2.199,552
2022-01-06T00:00:00.000Z,0.5,37,3.9,1.9,8.9,6.264,571
2022-01-07T00:00:00.000Z,2.4,34.6,18.7,6.2,24.55,9.929,621
2022-01-08T00:00:00.000Z,0,30.2,3.5,1.9,8,7.542,547
2022-01-09T00:00:00.000Z,11,40.5,17.1,15.3,22.25,7.159,561
2022-01-10T00:00:00.000Z,33.3,54.5,42.65,37.7,47.1,5.286,562
2022-01-11T00:00:00.000Z,17.7,54.4,35.4,31.75,46.45,9.035,580
2022-01-12T00:00:00.000Z,1.4,37.9,6,3.85,8.55,4.887,592
2022-01-13T00:00:00.000Z,1.2,23.5,3.1,2.5,4.2,2.467,570
2022-01-14T00:00:00.000Z,0.2,31.8,4.4,2.4,7,4.16,564
2022-01-15T00:00:00.000Z,2.5,29.1,6.75,4.59,9.5,4.045,590
2022-01-16T00:00:00.000Z,0.8,35.5,9.8,4,20,10.126,595
2022-01-17T00:00:00.000Z,0.1,21.5,2.3,1.2,3.85,2.755,589
2022-01-18T00:00:00.000Z,0.2,39,3,1.9,8.9,5.511,586
2022-01-19T00:00:00.000Z,0.2,25.6,11.6,3,18.1,7.495,583
2022-01-20T00:00:00.000Z,0,2.1,0.7,0.3,1.1,0.47,519
2022-01-21T00:00:00.000Z,0.3,40.7,2.9,1.7,4.34,4.203,577
2022-01-22T00:00:00.000Z,0.2,32.6,5.7,2.2,9,4.854,599
2022-01-23T00:00:00.000Z,0.3,21,3.3,2,5.7,2.97,557
2022-01-24T00:00:00.000Z,1.2,32,10.1,5,18,6.891,592
2022-01-25T00:00:00.000Z,0,28.5,4,1,9.4,5.549,595
2022-01-26T00:00:00.000Z,2.5,27.6,6.3,4.8,8.65,3.92,593
2022-01-27T00:00:00.000Z,0.7,11.4,3.3,2.3,4.2,1.593,586
2022-01-28T00:00:00.000Z,0.3,36.8,1.5,1.1,3.3,2.291,558
2022-01-29T00:00:00.000Z,0.2,19,4.9,3.5,6.1,2.164,585
2022-01-30T00:00:00.000Z,1.2,54.1,4.3,3.1,5.4,7.846,579
2022-01-31T00:00:00.000Z,1.3,59.2,4,3.2,6.75,8.522,589
2022-02-01T00:00:00.000Z,0.2,13.6,3.7,1.35,5,1.971,537
2022-02-02T00:00:00.000Z,0.1,17.6,2.2,1.4,2.9,2.275,579
2022-02-03T00:00:00.000Z,1.3,40.1,7.7,3.3,16.89,9.222,595
2022-02-04T00:00:00.000Z,0,21,6.5,1.8,12.3,5.376,598
2022-02-05T00:00:00.000Z,0.1,9.8,1.9,1.3,3,1.409,581
2022-02-06T00:00:00.000Z,0,26.1,1.3,0.3,2.8,3.011,539
2022-02-07T00:00:00.000Z,0.2,17.4,3.5,2.4,4.3,1.925,583
2022-02-08T00:00:00.000Z,0.2,21,2.4,1.7,3.85,2.617,565
2022-02-09T00:00:00.000Z,0.7,28.9,2.8,2.2,3.7,2.694,561
2022-02-10T00:00:00.000Z,0.4,37.9,2.8,2.1,5.6,5.288,582
2022-02-11T00:00:00.000Z,0,35.4,2.1,1.3,2.9,4.687,580
2022-02-12T00:00:00.000Z,0.5,17.7,7.8,1.6,11.8,5.199,575
2022-02-13T00:00:00.000Z,8.8,35.7,20.3,13.9,30.2,8.022,596
2022-02-14T00:00:00.000Z,1.4,22.3,10.6,3.8,15.8,6.429,594
2022-02-15T00:00:00.000Z,0,11.5,2.1,1.2,6.5,3.124,566
2022-02-16T00:00:00.000Z,0,10.8,3.3,2.1,4.84,1.951,576
2022-02-17T00:00:00.000Z,0,24,1.2,0.6,2.1,2.359,535
2022-02-18T00:00:00.000Z,0,33.7,2.6,2,3.8,3.101,568
2022-02-19T00:00:00.000Z,0,36.2,1.3,0.5,3,3.88,546
2022-02-20T00:00:00.000Z,0,37.2,2,1.2,3.7,4.072,560
2022-02-21T00:00:00.000Z,0,9.8,1.6,1.1,2.4,1.084,538
2022-02-22T00:00:00.000Z,0.2,29.4,2.3,1.4,4.1,2.723,574
2022-02-23T00:00:00.000Z,1.2,7.6,3.2,2.7,3.8,0.937,565
2022-02-24T00:00:00.000Z,0.1,42.1,3.8,2.1,5.5,4.353,590
2022-02-25T00:00:00.000Z,0.1,29.8,1.2,0.9,2.2,2.904,554
2022-02-26T00:00:00.000Z,0.3,36.1,3.1,2.2,4.3,3.684,588
2022-02-27T00:00:00.000Z,4,19,8,6.9,10.7,3.857,610
2022-02-28T00:00:00.000Z,8.6,24.4,18.2,15.9,19.8,3.309,594
2022-03-01T00:00:00.000Z,13.2,61.8,28.2,22.8,32.9,7.8,614
2022-03-02T00:00:00.000Z,3,50.3,8.8,5.9,12.5,5.696,596
2022-03-03T00:00:00.000Z,0.8,44.7,10.7,8,16,5.7,600
2022-03-04T00:00:00.000Z,1.4,18.4,3.8,2.5,6.6,3.187,580
2022-03-05T00:00:00.000Z,0,81.8,1.6,0.8,7.8,6.724,567
2022-03-06T00:00:00.000Z,0.4,44.9,9.2,4.34,14,8.041,593
2022-03-07T00:00:00.000Z,0.3,39.1,4.5,2.75,6.9,4.925,592
2022-03-08T00:00:00.000Z,4.2,37.2,11.85,9.44,22.45,8.085,596
2022-03-09T00:00:00.000Z,14.4,49.6,28.5,26.3,30.5,4.227,613
2022-03-10T00:00:00.000Z,15.4,48,27.75,24.5,34.35,6.923,528
2022-03-11T00:00:00.000Z,10.3,33.2,18.89,14.8,24,4.845,595
2022-03-12T00:00:00.000Z,15.8,33.5,25.1,22.1,27.1,3.842,607
2022-03-13T00:00:00.000Z,27.5,40,35,32,37.1,2.893,587
2022-03-14T00:00:00.000Z,32.5,66.1,48.05,35.4,51.1,9.184,572
2022-03-15T00:00:00.000Z,8.4,84.9,29,18.2,58.9,21.029,604
2022-03-16T00:00:00.000Z,9.2,46.6,20,15.2,27.2,8.881,620
2022-03-17T00:00:00.000Z,1.9,54.4,29.15,4.1,37.8,17.887,588
2022-03-18T00:00:00.000Z,0.5,11.1,3.3,1.6,6.8,2.686,552
2022-03-19T00:00:00.000Z,1,21.3,5,2.4,6.7,2.446,581
2022-03-20T00:00:00.000Z,2.6,39.5,30.4,18.1,33.8,10.662,590
2022-03-21T00:00:00.000Z,32.8,50.7,36.9,35.8,38.4,3.662,561
2022-03-22T00:00:00.000Z,42.8,76.3,49.9,47.5,52.6,3.879,599
2022-03-23T00:00:00.000Z,44.2,58.3,49.8,48.3,51.45,3.164,577
2022-03-24T00:00:00.000Z,12.9,58.5,30.05,23.9,48,13.556,594
2022-03-25T00:00:00.000Z,4,58.6,33.85,10.4,47.6,18.177,590
2022-03-26T00:00:00.000Z,0.1,32.2,2.5,1.7,4.9,4.548,581
2022-03-27T00:00:00.000Z,0,17.5,2.8,2.1,4,1.872,571
2022-03-28T00:00:00.000Z,2.9,27.3,9.19,5.55,21.4,7.93,588
2022-03-29T00:00:00.000Z,0,27.4,2.8,0.8,4.5,3.468,546
2022-03-30T00:00:00.000Z,0,5.5,0.9,0.5,1.7,0.954,524
2022-03-31T00:00:00.000Z,0.1,31.5,2.8,1.7,3.5,2.411,556
2022-04-01T00:00:00.000Z,0.1,10,2.65,1.6,3.25,1.252,540
2022-04-02T00:00:00.000Z,0.5,11.4,4.09,3,5,1.629,596
2022-04-03T00:00:00.000Z,0.2,11,3.2,1.7,5.5,2.091,564
2022-04-04T00:00:00.000Z,0,11.2,2.6,1.4,3.7,1.993,542
2022-04-05T00:00:00.000Z,0.1,22.3,2.4,1.9,3.3,2.365,567
2022-04-06T00:00:00.000Z,0,9.1,3.2,2.4,4.65,1.918,549
2022-04-07T00:00:00.000Z,0,10.1,2.2,1,3.35,2.243,565
2022-04-08T00:00:00.000Z,0,14.3,1.2,0.6,3.05,1.968,565
2022-04-09T00:00:00.000Z,0.1,10.2,2.5,2.1,3,1.257,537
2022-04-10T00:00:00.000Z,0.3,22.7,1.4,1,2.5,2.418,566
2022-04-11T00:00:00.000Z,0.6,12.1,2,1.5,3,1.306,562
2022-04-12T00:00:00.000Z,2.1,8.3,4.4,3.9,5,1.14,540
2022-04-13T00:00:00.000Z,3.7,51.2,31.05,14.6,39.5,12.955,578
2022-04-14T00:00:00.000Z,3.1,42.5,23,16.64,32.29,10.429,485
2022-04-15T00:00:00.000Z,2.9,33.6,11.7,9.5,16.5,6.209,578
2022-04-16T00:00:00.000Z,3.6,28.4,8.3,6.45,12.65,6.195,601
2022-04-17T00:00:00.000Z,4.9,57,25.9,21.4,29.6,7.641,615
2022-04-18T00:00:00.000Z,4.4,42,17.2,14.4,29.9,11.045,595
2022-04-19T00:00:00.000Z,7.7,60.3,19.55,16,25.6,6.972,606
2022-04-20T00:00:00.000Z,2.5,32.6,11.3,6.2,25.6,9.585,598
2022-04-21T00:00:00.000Z,1.5,7,4.7,3.7,5.5,1.104,558
2022-04-22T00:00:00.000Z,1.4,10.9,3.7,2.9,4.3,1.074,571
2022-04-23T00:00:00.000Z,0.3,10.9,3.7,2.4,5.6,2.631,567
2022-04-24T00:00:00.000Z,1.2,5.8,3.7,3.2,4.1,0.831,550
2022-04-25T00:00:00.000Z,3.5,15.6,5.4,4.59,6.5,2.543,559
2022-04-26T00:00:00.000Z,7.3,46.8,18.4,13.3,22.7,6.349,586
2022-04-27T00:00:00.000Z,5.1,29.6,14.1,11.9,15.9,4.287,607
2022-04-28T00:00:00.000Z,0.2,29.8,3.3,2,5.3,5.951,567
2022-04-29T00:00:00.000Z,0.7,18.5,4.2,2.8,6.3,3.49,576
2022-04-30T00:00:00.000Z,1.3,21.8,10.2,5.15,13.3,4.914,569
2022-05-01T00:00:00.000Z,1.5,15.2,4.2,3.5,6,2.187,568
2022-05-02T00:00:00.000Z,1,30.7,11.9,5.7,15.5,7.354,569
2022-05-03T00:00:00.000Z,1,31.8,4.8,3.65,10,3.97,577
2022-05-04T00:00:00.000Z,0.1,32.1,4,1.7,8.2,6.379,544
2022-05-05T00:00:00.000Z,2.6,16.5,7.7,4.8,11.9,3.949,601
2022-05-06T00:00:00.000Z,2.8,27.5,8.2,5,14,5.783,579
2022-05-07T00:00:00.000Z,1.1,28.9,3.2,2.4,5,7.494,571
2022-05-08T00:00:00.000Z,0.4,25.1,1.8,1.1,3.6,1.708,539
2022-05-09T00:00:00.000Z,1,13.8,3.6,2.5,7.1,3.121,534
2022-05-10T00:00:00.000Z,3,40.4,14.9,10.1,19.55,6.757,556
2022-05-11T00:00:00.000Z,2,29.9,7.3,4.4,17.5,9.187,573
2022-05-12T00:00:00.000Z,0.5,11.8,2.29,1.6,5,2.937,567
2022-05-13T00:00:00.000Z,0.8,18,6.95,3.1,9.15,4.359,564
2022-05-14T00:00:00.000Z,0.2,9,1.4,0.9,3.5,2.545,538
2022-05-15T00:00:00.000Z,1.7,18.9,5.4,3.1,8.1,3.249,587
2022-05-16T00:00:00.000Z,0.8,12.4,5.1,2.54,8.75,3.291,556
2022-05-17T00:00:00.000Z,0.4,13.5,2.1,1,3.3,2.539,516
2022-05-18T00:00:00.000Z,0.7,10.4,5.9,1.9,8.3,3.087,568
2022-05-19T00:00:00.000Z,9.5,53.2,31,15,40.45,13.143,604
2022-05-20T00:00:00.000Z,1.5,41.7,5.2,3.5,7.6,7.352,594
2022-05-21T00:00:00.000Z,0.7,12.2,2.1,1.6,2.85,1.574,561
2022-05-22T00:00:00.000Z,0.4,27.5,1.9,1.3,3.6,2.514,550
2022-05-23T00:00:00.000Z,1.1,19.6,5,4.1,5.85,1.775,573
2022-05-24T00:00:00.000Z,1.9,14.9,5.8,3.5,7.7,3.153,566
2022-05-25T00:00:00.000Z,0.5,5.3,2.4,1.8,3.1,0.944,578
2022-05-26T00:00:00.000Z,0.1,6.5,1.6,1,2.45,1.521,541
2022-05-27T00:00:00.000Z,0.7,2.9,1.3,1,1.8,0.502,71
2022-05-28T00:00:00.000Z,0.2,10.6,1.5,1.1,4,2.989,435
2022-05-29T00:00:00.000Z,0,13.8,3.3,2,8,3.03,617
2022-05-30T00:00:00.000Z,1.6,9.9,3.8,2.6,5.2,1.711,600
2022-05-31T00:00:00.000Z,0.3,14.4,5.4,2.9,9,3.274,615
2022-06-01T00:00:00.000Z,0.9,7.6,3.9,3,4.8,1.172,613
2022-06-02T00:00:00.000Z,3.9,12.8,7.5,5.7,9.44,2.324,616
2022-06-03T00:00:00.000Z,4.8,13.2,8.4,7.3,10.1,1.709,627
2022-06-04T00:00:00.000Z,5.2,17.7,7.7,6.8,8.4,2.573,604
2022-06-05T00:00:00.000Z,4.5,28.7,14.9,9,16.2,4.05,356
2022-06-06T00:00:00.000Z,1.5,20.5,6.15,4.9,8,4.227,616
2022-06-07T00:00:00.000Z,0.3,14.3,3.8,2.6,5.3,2.347,591
2022-06-08T00:00:00.000Z,1.2,18.8,5.7,4.15,12,4.3,597
2022-06-09T00:00:00.000Z,2.7,30.4,16.5,11.15,21.5,7.639,625
2022-06-10T00:00:00.000Z,2.8,12.1,5,4.2,6.6,1.936,612
2022-06-11T00:00:00.000Z,1.3,12.9,5.7,4.3,9.1,3.212,625
2022-06-12T00:00:00.000Z,1.7,21.2,4.8,3.6,5.7,1.706,619
2022-06-13T00:00:00.000Z,0.5,4.9,2.7,2,3.3,0.9,596
2022-06-14T00:00:00.000Z,0.2,6.1,2.7,1.8,3.4,1.28,582
2022-06-15T00:00:00.000Z,1.7,9.2,2.9,2.5,3.9,1.143,587
2022-06-16T00:00:00.000Z,1.8,19,5.3,4,7.1,4.062,614
2022-06-17T00:00:00.000Z,4.9,26.9,17.5,10.95,21.1,5.954,565
2022-06-18T00:00:00.000Z,0.9,28,3.7,2.1,8.2,7.759,631
2022-06-19T00:00:00.000Z,0.7,4.9,1.9,1.5,2.4,0.616,572
2022-06-20T00:00:00.000Z,0.4,7.4,2.9,2.2,3.6,1.105,601
2022-06-21T00:00:00.000Z,2.4,19.3,5.6,4.5,8,2.821,630
2022-06-22T00:00:00.000Z,0,14.7,5.5,3.4,7.1,3.628,560
2022-06-23T00:00:00.000Z,4.9,30.4,10.55,7.1,14.55,5.123,604
2022-06-24T00:00:00.000Z,2.9,48.6,17.6,6.9,19.6,10.953,607
2022-06-25T00:00:00.000Z,7.7,49.5,17.95,14.1,22.3,7.683,638
2022-06-26T00:00:00.000Z,1.7,39.8,29,13.85,33.29,11.817,644
2022-06-27T00:00:00.000Z,0.6,12.2,4.4,3.6,6.7,2.196,605
2022-06-28T00:00:00.000Z,1.6,10.8,3.6,2.7,4.9,1.996,579
2022-06-29T00:00:00.000Z,1.7,34.8,4.5,3.7,5.2,2.065,595
2022-06-30T00:00:00.000Z,2.3,40.1,5.4,4.2,9,4.868,617
2022-07-01T00:00:00.000Z,0,30.9,5.45,3.4,10.9,6.343,608
2022-07-02T00:00:00.000Z,1,10,2.9,2.1,3.95,1.122,597
2022-07-03T00:00:00.000Z,1.4,13.3,5.8,4.5,7.3,2.271,601
2022-07-04T00:00:00.000Z,0.6,6.8,2.2,1.8,3.15,1.435,561
2022-07-05T00:00:00.000Z,0.1,4.2,1.4,1,1.7,0.487,547
2022-07-06T00:00:00.000Z,0,3.7,0.9,0.5,1.3,0.625,518
2022-07-07T00:00:00.000Z,0,4.5,1.1,0.7,1.5,0.834,364
2022-07-08T00:00:00.000Z,0,5.1,2.9,1.4,3.7,1.39,557
2022-07-09T00:00:00.000Z,0,6.2,1.7,0.9,2.4,0.885,575
2022-07-10T00:00:00.000Z,0,3.2,1.45,0.2,2,0.892,530
2022-07-11T00:00:00.000Z,0,13.7,2.1,1.3,2.8,1.238,585
2022-07-12T00:00:00.000Z,0,21.4,2.1,0.7,4.3,5.607,579
2022-07-13T00:00:00.000Z,0.4,27.4,5.2,1.2,15.55,8.67,597
2022-07-14T00:00:00.000Z,0,1.9,0.8,0.5,1.1,0.375,556
2022-07-15T00:00:00.000Z,0,6.9,0.8,0.4,1.5,0.7,553
2022-07-16T00:00:00.000Z,0,2,0.75,0.5,1.1,0.436,572
2022-07-17T00:00:00.000Z,0.6,8.2,2.6,1.8,4.2,1.568,596
2022-07-18T00:00:00.000Z,5.1,14.8,9.3,8.1,12,2.375,623
2022-07-19T00:00:00.000Z,8.5,20.5,14.85,13.3,16.1,2.144,648
2022-07-20T00:00:00.000Z,11.6,41,24.5,16.8,29.3,8.297,647
2022-07-21T00:00:00.000Z,5,42,34.29,7.9,38.6,14.118,628
2022-07-22T00:00:00.000Z,1.1,9.9,5,3.7,6.6,1.874,641
2022-07-23T00:00:00.000Z,0,5.6,2.2,0.7,3.6,1.467,555
2022-07-24T00:00:00.000Z,2.6,13,5.55,4.5,8.1,2.25,616
2022-07-25T00:00:00.000Z,4.3,24.2,14.15,7.4,18,5.975,622
2022-07-26T00:00:00.000Z,0,8.3,0.6,0.3,0.9,2.163,578
2022-07-27T00:00:00.000Z,0.3,2.6,1.2,1,1.4,0.344,601
2022-07-28T00:00:00.000Z,0.8,8,2.5,2,3.4,1.246,618
2022-07-29T00:00:00.000Z,2,12.7,4.3,3.5,6.3,1.695,600
2022-07-30T00:00:00.000Z,1.7,8,3.45,2.6,5.8,1.773,614
2022-07-31T00:00:00.000Z,1.7,27.3,11.1,7.3,14.6,5.393,625
2022-08-01T00:00:00.000Z,0.1,22.3,2.5,1.3,4.1,5.976,569
2022-08-02T00:00:00.000Z,0.7,12.5,2.6,1.9,8.1,3.637,586
2022-08-03T00:00:00.000Z,2.7,18,6,4.2,13,4.55,624
2022-08-04T00:00:00.000Z,3,25.8,9.3,5.2,12,4.528,623
2022-08-05T00:00:00.000Z,0.3,6.5,1.3,0.8,2,1.316,591
2022-08-06T00:00:00.000Z,0,13.6,1.4,0.8,3.1,3.465,607
2022-08-07T00:00:00.000Z,1.9,11.9,6.6,4,8.7,2.682,639
2022-08-08T00:00:00.000Z,1.6,13.5,4.7,2.9,6.3,1.804,622
2022-08-09T00:00:00.000Z,1.7,11.8,3.2,2.8,4,1.073,623
2022-08-10T00:00:00.000Z,3.3,14.9,5.6,4.8,6.4,1.244,629
2022-08-11T00:00:00.000Z,3.5,29.2,6.2,5.3,7.8,2.157,626
2022-08-12T00:00:00.000Z,3.6,37.6,8.1,5.4,9.7,2.982,628
2022-08-13T00:00:00.000Z,5.1,40.7,9,7.9,10.5,3.74,635
2022-08-14T00:00:00.000Z,6.2,14,10.2,9,11.6,1.647,632
2022-08-15T00:00:00.000Z,5.2,28.5,16.8,11.8,22,5.663,641
2022-08-16T00:00:00.000Z,4.9,35,22.2,18.6,25.7,6.382,646
2022-08-17T00:00:00.000Z,2.4,31.5,20.4,15.75,27.5,8.878,621
2022-08-18T00:00:00.000Z,2,17.6,10.2,4.2,13.1,4.418,614
2022-08-19T00:00:00.000Z,5.5,26.3,13.2,9.8,18.45,5.025,649
2022-08-20T00:00:00.000Z,1.2,33.4,2.7,2.29,4.5,3.096,571
2022-08-21T00:00:00.000Z,1.3,6.9,3.5,2.9,4.59,1.2,632
2022-08-22T00:00:00.000Z,0.9,6.1,3,2.2,3.6,1.004,613
2022-08-23T00:00:00.000Z,1.9,5.2,3.4,3,3.9,0.659,616
2022-08-24T00:00:00.000Z,2.1,11.7,4.4,3.7,4.9,0.997,606
2022-08-25T00:00:00.000Z,1.4,7.2,4.7,3.9,5.4,1.309,594
2022-08-26T00:00:00.000Z,6.5,20.5,13,9.5,15.6,3.465,641
2022-08-27T00:00:00.000Z,2.5,14.4,7,4.6,8.7,2.605,644
2022-08-28T00:00:00.000Z,0.5,11.3,3.9,1.9,6.5,2.796,592
2022-08-29T00:00:00.000Z,0.1,4.7,0.9,0.6,1.4,0.618,578
2022-08-30T00:00:00.000Z,0,12.5,1.5,0.7,2.8,1.329,579
2022-08-31T00:00:00.000Z,0.2,7.8,1.5,0.9,2.1,0.85,599
2022-09-01T00:00:00.000Z,0.6,29.5,2.5,1.3,3.4,2.585,602
2022-09-02T00:00:00.000Z,0.2,6.7,1.5,1,2.4,0.904,579
2022-09-03T00:00:00.000Z,0.2,2.8,1.2,0.8,1.8,0.585,555
2022-09-04T00:00:00.000Z,0.3,2,0.9,0.7,1.1,0.283,542
2022-09-05T00:00:00.000Z,0,2.2,0.8,0.5,1.3,0.508,554
2022-09-06T00:00:00.000Z,0,1.5,0.6,0.3,0.8,0.317,536
2022-09-07T00:00:00.000Z,0.4,6.1,3.7,2.1,4.3,1.371,596
2022-09-08T00:00:00.000Z,0.7,5.9,2.8,1.8,3.2,0.887,592
2022-09-09T00:00:00.000Z,1.8,25.6,12.8,5.3,18.5,7.013,607
2022-09-10T00:00:00.000Z,2.2,20.1,5.7,3.9,10.1,4.022,590
2022-09-11T00:00:00.000Z,3.3,32.9,6.6,5.2,7.55,2.345,589
2022-09-12T00:00:00.000Z,3.8,17.5,8.6,5.8,10.2,2.733,562
2022-09-13T00:00:00.000Z,0.1,24.4,0.9,0.7,1.3,3.496,543
2022-09-14T00:00:00.000Z,0,8.2,0.8,0.4,1.1,0.717,551
2022-09-15T00:00:00.000Z,0.1,2.2,0.8,0.6,1.1,0.32,574
2022-09-16T00:00:00.000Z,0,9.9,0.7,0.4,2,1.755,551
2022-09-17T00:00:00.000Z,0,23.6,2.1,1.1,2.8,2.533,477
2022-09-18T00:00:00.000Z,0,12.1,0.6,0.2,1,1.127,497
2022-09-19T00:00:00.000Z,0,10.1,0.4,0.1,1.05,1.462,465
2022-09-20T00:00:00.000Z,0,39.6,1.5,0.5,2.29,5.672,494
2022-09-21T00:00:00.000Z,0.1,34.8,2,1.1,3.6,5.003,596
2022-09-22T00:00:00.000Z,0.7,86.2,2.4,1.6,5.8,8.97,619
2022-09-23T00:00:00.000Z,9.8,47.6,16,14.3,17.89,6.392,394
2022-09-26T00:00:00.000Z,3.7,10.6,6.8,5.6,8.4,1.683,285
2022-09-27T00:00:00.000Z,0.1,18.4,1.5,0.9,3,2.851,580
2022-09-28T00:00:00.000Z,0,38.4,3.5,1,5.3,3.696,609
2022-09-29T00:00:00.000Z,0.1,10.2,3,2.3,3.8,1.216,591
2022-09-30T00:00:00.000Z,0.5,34.2,4.2,2,6.8,7.026,629
2022-10-01T00:00:00.000Z,1.4,36,3.6,2.5,16,10.272,630
2022-10-02T00:00:00.000Z,0,34.4,1.5,1,2,2.424,608
2022-10-03T00:00:00.000Z,0.5,9.1,2.3,1.7,3.1,1.252,615
2022-10-04T00:00:00.000Z,3.2,20.4,6.3,5.1,8.6,2.784,626
2022-10-05T00:00:00.000Z,0,11.5,7.5,5,8.9,2.578,590
2022-10-06T00:00:00.000Z,0,7.1,2,1.2,3.2,1.242,596
2022-10-07T00:00:00.000Z,0.6,8.3,4.3,3.7,5.5,1.528,610
2022-10-08T00:00:00.000Z,0,23.5,0.8,0.4,1.2,3.545,579
2022-10-09T00:00:00.000Z,0.2,7.6,1.1,0.7,2.5,1.118,601
2022-10-10T00:00:00.000Z,0.9,15.8,3.7,2.4,6.2,2.597,613
2022-10-11T00:00:00.000Z,0.2,23.7,2.1,1.4,2.8,2.143,614
2022-10-12T00:00:00.000Z,0.4,14,3.3,1.95,8,3.799,616
2022-10-13T00:00:00.000Z,7,37.3,22.1,10.19,30,10.192,645
2022-10-14T00:00:00.000Z,1.4,35.5,10.6,5.3,20.8,9.641,622
2022-10-15T00:00:00.000Z,4.7,42.3,18.85,13,29.5,8.66,638
2022-10-16T00:00:00.000Z,0.7,12.9,2.4,1.8,3.1,1.713,589
2022-10-17T00:00:00.000Z,1.4,29.6,4,2.6,6.7,4.799,631
2022-10-18T00:00:00.000Z,0.1,9.2,2.8,1.4,3.4,1.262,429
2022-10-21T00:00:00.000Z,6.9,28.4,15.05,11.6,20.2,5.119,618
2022-10-22T00:00:00.000Z,3.4,34.8,15,12.5,22.4,7.304,629
2022-10-23T00:00:00.000Z,2.1,12.4,6.9,4.7,8.7,2.284,624
2022-10-24T00:00:00.000Z,1.2,23.7,5.9,3.4,10.75,5.078,617
2022-10-25T00:00:00.000Z,0.1,14.8,3.5,2.6,4,1.129,602
2022-10-26T00:00:00.000Z,3.7,32.6,7.9,5.4,16.6,6.68,494
2022-10-27T00:00:00.000Z,3.6,30.2,9.25,5.8,16.6,5.664,430
2022-10-28T00:00:00.000Z,3.8,35.2,16.5,14.4,26.9,6.986,666
2022-10-29T00:00:00.000Z,0.5,20.4,1.8,1.3,4.4,2.882,610
2022-10-30T00:00:00.000Z,7.8,38.2,19.5,14.9,30.65,8.353,600
2022-10-31T00:00:00.000Z,1.2,16.4,7.8,4.8,11.7,3.842,634
2022-11-01T00:00:00.000Z,1.7,37.6,10.5,3.6,17.6,10.561,640
2022-11-02T00:00:00.000Z,0,8.5,2.1,1,2.9,1.443,596
2022-11-03T00:00:00.000Z,1.9,6.7,3.9,3.4,4.7,0.984,536
2022-11-04T00:00:00.000Z,0,15,1.8,0.7,9.6,4.937,619
2022-11-05T00:00:00.000Z,0,31.4,0.8,0.4,3.2,4.28,578
2022-11-06T00:00:00.000Z,3.3,24,10.6,7.5,13.7,4.895,634
2022-11-07T00:00:00.000Z,0.8,11.1,3,1.7,6.3,2.595,614
2022-11-08T00:00:00.000Z,2.7,10.8,6,4.8,7.1,1.832,617
2022-11-09T00:00:00.000Z,0,8.4,4.1,3.2,5.8,1.94,606
2022-11-10T00:00:00.000Z,0.1,5.8,2.7,2.2,3,0.75,632
2022-11-11T00:00:00.000Z,2.2,13.7,3.9,3.4,4.3,1.32,631
2022-11-12T00:00:00.000Z,2.8,22.9,7.5,6.1,9,2.98,640
2022-11-13T00:00:00.000Z,0,21.3,13.6,10.2,15.6,5.177,620
2022-11-14T00:00:00.000Z,0,34.4,7.1,2.3,20.7,10.966,591
2022-11-15T00:00:00.000Z,3.4,38.5,33.3,30.2,34.9,8.812,651
2022-11-16T00:00:00.000Z,0.1,16.5,1.2,0.8,1.9,1.727,597
2022-11-17T00:00:00.000Z,0.4,7.2,2.5,1.9,3.1,1.118,614
2022-11-18T00:00:00.000Z,0,14.4,0.8,0.4,1.4,1.318,589
2022-11-19T00:00:00.000Z,0.1,12.8,1.6,0.9,2.4,1.283,606
2022-11-20T00:00:00.000Z,0.8,19.1,5.5,3.1,9.15,3.838,625
2022-11-21T00:00:00.000Z,0.7,45.3,6.75,4.4,18.7,10.507,662
2022-11-22T00:00:00.000Z,5.3,34.1,14.4,11.8,24.6,8.074,676
2022-11-23T00:00:00.000Z,25.9,36.6,31.5,30.3,32.7,1.739,667
2022-11-24T00:00:00.000Z,9.9,32.9,19.1,15.6,27.3,6.376,665
2022-11-25T00:00:00.000Z,9.4,29,17.39,13.8,21.7,4.762,655
2022-11-26T00:00:00.000Z,4.7,39.9,12.7,9.8,16.7,4.806,635
2022-11-27T00:00:00.000Z,7.2,25.9,16.6,13.9,18.4,3.308,631
2022-11-28T00:00:00.000Z,5.3,19.7,12.8,11.4,14.7,2.994,637
2022-11-29T00:00:00.000Z,5.6,36.7,21.3,17.64,28.35,7.663,657
2022-11-30T00:00:00.000Z,6.5,30.5,17.9,14.2,23.95,5.437,652
2022-12-01T00:00:00.000Z,3.8,15.6,9.1,6.9,10.9,2.699,596
2022-12-02T00:00:00.000Z,1.9,14.2,6.8,5.6,8.25,2.199,641
2022-12-03T00:00:00.000Z,4.6,15,9.1,7.4,10.4,2.011,647
2022-12-04T00:00:00.000Z,5.4,16.6,9.2,6.9,13.1,3.246,647
2022-12-05T00:00:00.000Z,1.7,15.4,8.4,5.3,12.5,3.769,632
2022-12-06T00:00:00.000Z,3.2,51.6,13.4,11.4,19.1,8.246,663
2022-12-07T00:00:00.000Z,0.2,65.1,4.59,2.7,11.5,8.472,631
2022-12-08T00:00:00.000Z,0.1,74.7,8.3,6.35,10.75,7.933,620
2022-12-09T00:00:00.000Z,6.5,39.3,25.4,14.9,29.2,8.23,657
2022-12-10T00:00:00.000Z,6.1,52.4,11.8,9.9,14.3,5.358,651
2022-12-11T00:00:00.000Z,3.5,20.3,9.15,6.6,11.3,3.094,650
2022-12-12T00:00:00.000Z,3.2,23.2,7.6,6,9.5,2.694,652
2022-12-13T00:00:00.000Z,6.8,46.9,11.8,9.4,25.6,11.584,687
2022-12-14T00:00:00.000Z,0.2,39.9,6.6,3.2,20.9,10.762,642
2022-12-15T00:00:00.000Z,2.2,65,11.2,8.3,17.39,10.261,663
2022-12-16T00:00:00.000Z,0.9,72.2,30.4,10.75,34.95,14.442,657
2022-12-17T00:00:00.000Z,27.5,42.7,37.3,36.1,38.45,2.102,660
2022-12-18T00:00:00.000Z,11.3,46,34.5,26.3,38.4,9.168,653
2022-12-19T00:00:00.000Z,5.7,33.3,18.5,14.75,24.3,6.396,636
2022-12-20T00:00:00.000Z,1.2,28.8,11.2,8.1,21.1,7.99,607
2022-12-21T00:00:00.000Z,2.6,15.4,8.1,6,9.9,2.62,644
2022-12-22T00:00:00.000Z,0.7,31,5.9,3.6,13.1,5.015,623
2022-12-23T00:00:00.000Z,0.2,52.8,3.95,1.1,13.5,10.381,598
2022-12-24T00:00:00.000Z,0.9,36.5,6.3,4.59,7.7,3.484,625
2022-12-25T00:00:00.000Z,4.9,30,18.2,13.2,23,6.066,648
2022-12-26T00:00:00.000Z,0,25.6,8.2,1.8,12.3,6.112,624
2022-12-27T00:00:00.000Z,0,18.4,2,0.6,5.2,3.211,566
2022-12-28T00:00:00.000Z,1.2,25.4,3.9,3,7.4,5.314,626
2022-12-29T00:00:00.000Z,0.5,7.7,2.9,2.2,3.7,1.192,612
2022-12-30T00:00:00.000Z,0.4,23.6,3,1.6,4.84,2.943,589
2022-12-31T00:00:00.000Z,0.6,231.5,5.1,3.4,17.1,23.784,626
2023-01-01T00:00:00.000Z,0,134.5,4.5,2.8,6,13.71,640
2023-01-02T00:00:00.000Z,0,16.9,3.95,1.4,7.3,3.245,586
2023-01-03T00:00:00.000Z,0.2,31.3,3.7,1.3,6.85,5.772,641
2023-01-04T00:00:00.000Z,0.1,25.4,3.6,1.4,8.19,6.91,639
2023-01-05T00:00:00.000Z,0,44.1,1.3,0.7,5.55,7.084,589
2023-01-06T00:00:00.000Z,0,12.9,3.2,1.9,4.7,1.849,596
2023-01-07T00:00:00.000Z,2.8,38.9,19.14,5,26.4,9.713,518
2023-01-08T00:00:00.000Z,4,20.4,11.3,9.2,13.2,3.075,636
2023-01-09T00:00:00.000Z,1.4,21,8.3,5.45,11.2,4.264,637
2023-01-10T00:00:00.000Z,0.7,37.3,4.65,3.2,8.3,4.922,610
2023-01-11T00:00:00.000Z,0,10.6,3.6,2.9,4.4,1.572,580
2023-01-12T00:00:00.000Z,0,14.9,3.15,0.7,4.7,3.278,576
2023-01-13T00:00:00.000Z,0,5.7,2.2,1.4,3.4,1.285,614
2023-01-14T00:00:00.000Z,0,10.7,1.5,1,4,2.326,532
2023-01-15T00:00:00.000Z,0.1,6,2,1.4,2.6,0.802,608
2023-01-16T00:00:00.000Z,0.4,13.3,3.8,2.35,4.9,2.877,620
2023-01-17T00:00:00.000Z,0.4,14.9,3.7,2.5,7.4,3.228,617
2023-01-18T00:00:00.000Z,0,41.3,8.3,1.9,22.9,10.107,573
2023-01-19T00:00:00.000Z,4.7,52.7,23,17.1,32.79,10.845,647
2023-01-20T00:00:00.000Z,1.9,48.4,28.5,14.1,38.4,12.799,647
2023-01-21T00:00:00.000Z,4.6,17.6,10.8,8.4,13.15,3.045,625
2023-01-22T00:00:00.000Z,3.4,28.2,7,5,8.4,2.227,643
2023-01-23T00:00:00.000Z,4.6,59.4,14.4,10.05,17.39,7.59,672
2023-01-24T00:00:00.000Z,12.6,48,19.4,17.3,23.2,4.69,638
2023-01-25T00:00:00.000Z,4,41.5,23.2,17.2,25.3,6.667,651
2023-01-26T00:00:00.000Z,0.8,8.4,3.8,1.8,5.2,1.911,619
2023-01-27T00:00:00.000Z,0.6,49.5,4.9,1.9,13.05,9.877,644
2023-01-28T00:00:00.000Z,1.9,31.5,6.5,4.7,9.5,3.74,632
2023-01-29T00:00:00.000Z,0.1,7.1,1.7,1.2,2.6,1.47,635
2023-01-30T00:00:00.000Z,0.4,10.6,2,1.5,2.7,1.187,610
2023-01-31T00:00:00.000Z,0,14.5,1.8,1,3.1,2.076,615
2023-02-01T00:00:00.000Z,0.1,16.3,2.5,1.7,3.6,1.857,619
2023-02-02T00:00:00.000Z,0,24.2,3.3,2.2,5.4,3.385,605
2023-02-03T00:00:00.000Z,0,29.2,2.6,1.7,4.59,2.512,601
2023-02-04T00:00:00.000Z,0.3,6.1,1.7,1.1,2.54,0.949,605
2023-02-05T00:00:00.000Z,0.4,22.3,4,2.5,9,6.245,615
2023-02-06T00:00:00.000Z,3.5,28.9,11.5,7.45,16.5,6.313,648
2023-02-07T00:00:00.000Z,4.5,28.2,20.3,12.1,22.8,6.61,612
2023-02-08T00:00:00.000Z,19,50.3,37.2,28,44.8,9.023,643
2023-02-09T00:00:00.000Z,0.8,40.2,18.6,3.4,33,14.051,607
2023-02-10T00:00:00.000Z,0.8,15.1,3,2.29,4.65,2.137,609
2023-02-11T00:00:00.000Z,0.1,14.7,5.1,2.4,6.9,2.562,618
2023-02-12T00:00:00.000Z,0,38.6,2.2,0.5,8.69,6.826,597
2023-02-13T00:00:00.000Z,1,31.3,4,3,4.5,3.64,574
2023-02-14T00:00:00.000Z,2.9,41.1,22.55,12,27.1,9.851,622
2023-02-15T00:00:00.000Z,32.7,64.4,43.85,38.85,47.6,7.136,648
2023-02-16T00:00:00.000Z,19.1,84.1,35,29.15,63.85,17.463,629
2023-02-17T00:00:00.000Z,0,37.9,4.5,3.3,9.69,11.155,583
2023-02-18T00:00:00.000Z,0,21,2.5,1.6,3.5,2.935,582
2023-02-19T00:00:00.000Z,0,15.8,1.1,0.5,1.6,1.982,547
2023-02-20T00:00:00.000Z,0,12.7,4.9,3.5,6.1,2.053,609
2023-02-21T00:00:00.000Z,1.1,36.1,5,2.7,6.4,4.756,619
2023-02-22T00:00:00.000Z,1.7,23.9,9.8,5,12.2,4.778,635
2023-02-23T00:00:00.000Z,0.9,34.4,15.5,3.3,23.2,10.933,643
2023-02-24T00:00:00.000Z,0,10.9,1.4,0.8,2,1.399,585
2023-02-25T00:00:00.000Z,0,9.4,0.6,0.3,1,0.666,564
2023-02-26T00:00:00.000Z,0,12.9,1.5,1,3.35,1.792,605
2023-02-27T00:00:00.000Z,0.2,25.7,4,2.9,5.7,2.509,621
2023-02-28T00:00:00.000Z,0,48.4,9.5,4.45,14.15,7.002,620
2023-03-01T00:00:00.000Z,0.1,30.8,13.8,3.1,17.3,7.332,647
2023-03-02T00:00:00.000Z,0.1,17.4,5.9,2.54,10.19,4.576,617
2023-03-03T00:00:00.000Z,0.2,29.6,3.7,2.4,6.3,3.454,626
2023-03-04T00:00:00.000Z,0,19,2,0.95,2.7,1.932,569
2023-03-05T00:00:00.000Z,0,27,1,0.4,2.2,3.178,566
2023-03-06T00:00:00.000Z,0,10.6,1.6,0.6,4,2.138,547
2023-03-07T00:00:00.000Z,0,13.3,2.7,1.2,4.9,3.519,607
2023-03-08T00:00:00.000Z,0,28.1,2.1,1.2,3.8,3.126,601
2023-03-09T00:00:00.000Z,1.3,25.6,10.05,6.8,13.6,4.593,640
2023-03-10T00:00:00.000Z,5.5,35.3,12.6,10.4,16.89,4.173,658
2023-03-11T00:00:00.000Z,0,30.2,1.2,0.7,12.05,9.631,584
2023-03-12T00:00:00.000Z,0.1,32.5,2.2,1,12.8,7.986,617
2023-03-13T00:00:00.000Z,0,24.7,6.8,5,9,4.291,630
2023-03-14T00:00:00.000Z,0,6.4,1.2,0.7,1.9,1.05,594
2023-03-15T00:00:00.000Z,0,6.2,1.3,0.6,2,1.129,576
2023-03-16T00:00:00.000Z,0.6,9.1,2.7,2.2,3.5,1.119,619
2023-03-17T00:00:00.000Z,2.8,47.7,16.5,10.3,23.3,9.143,666
2023-03-18T00:00:00.000Z,30,55.8,39,35.4,41.7,4.464,667
2023-03-19T00:00:00.000Z,9.4,62,34.6,22.1,45.55,13.268,637
2023-03-20T00:00:00.000Z,0,12.2,2.3,0.8,4.9,2.928,568
2023-03-21T00:00:00.000Z,0.9,31.1,11.7,6.5,17.39,6.976,648
2023-03-22T00:00:00.000Z,0.4,26.6,6.8,4.6,16.05,7.309,644
2023-03-23T00:00:00.000Z,0.3,27.5,6.3,3.2,8,3.744,631
2023-03-24T00:00:00.000Z,0.5,21.9,5,3.7,6,4.594,625
2023-03-25T00:00:00.000Z,0.2,57.9,4.7,2.8,5.6,4.499,626
2023-03-26T00:00:00.000Z,0,7.9,1,0.5,2.1,1.147,589
2023-03-27T00:00:00.000Z,0,7.3,2.6,0.6,4,1.844,586
2023-03-28T00:00:00.000Z,0.3,8.6,2.4,1.5,3.9,1.472,611
2023-03-29T00:00:00.000Z,6.9,34.9,21.4,15.5,27.2,6.255,643
2023-03-30T00:00:00.000Z,2.4,41.8,22,6.2,29.4,12.091,637
2023-03-31T00:00:00.000Z,0.2,15.1,5.2,3.4,7.2,2.829,610
2023-04-01T00:00:00.000Z,0,6.6,1.2,0.6,2.4,1.658,591
2023-04-02T00:00:00.000Z,0,4.2,0.9,0.2,1.4,0.779,517
2023-04-03T00:00:00.000Z,0,13.1,1.9,1.2,2.6,2.521,608
2023-04-04T00:00:00.000Z,1.2,13.6,2.6,2.1,6.9,3.265,633
2023-04-05T00:00:00.000Z,0,24.4,2.29,1.4,13.2,7.532,600
2023-04-06T00:00:00.000Z,0.7,34.5,10.6,3.8,18.6,9.246,641
2023-04-07T00:00:00.000Z,2.1,11,4.8,4.1,7.3,2.253,620
2023-04-08T00:00:00.000Z,4.9,17.6,10.1,7.5,11.85,3.162,641
2023-04-09T00:00:00.000Z,2.3,24.1,12.25,9,17.2,5.041,638
2023-04-10T00:00:00.000Z,2.7,31,14.85,10.4,19.6,6.404,624
2023-04-11T00:00:00.000Z,0.2,32.4,1.6,1,11.15,10.431,625
2023-04-12T00:00:00.000Z,0.1,16.4,4.09,3,8.69,3.892,626
2023-04-13T00:00:00.000Z,0.2,16.2,5,3.2,8.69,4.048,618
2023-04-14T00:00:00.000Z,3.1,36.1,8.9,5.1,19.7,8.138,656
2023-04-15T00:00:00.000Z,9.4,36,29.8,27.4,32,5.862,660
2023-04-16T00:00:00.000Z,11.1,26.8,21.2,19.6,23.1,3.523,670
2023-04-17T00:00:00.000Z,6.2,28.1,10.3,9.2,11.25,4.886,652
2023-04-18T00:00:00.000Z,0.6,18.2,3.5,2.1,10.3,4.931,628
2023-04-19T00:00:00.000Z,0.1,6.6,2,1.5,4,1.66,595
2023-04-20T00:00:00.000Z,1.7,8.5,5,3.5,6.3,1.674,590
2023-04-21T00:00:00.000Z,2.8,17.9,12.5,9.2,13.9,3.509,646
2023-04-22T00:00:00.000Z,5.3,27.3,16.2,9.1,20.1,6.19,654
2023-04-23T00:00:00.000Z,7.2,38.7,20.6,15.6,27.4,7.298,651
2023-04-24T00:00:00.000Z,0,34.3,11,6.4,19.8,8.811,642
2023-04-25T00:00:00.000Z,1.2,8.5,3.4,2.8,4.4,1.367,635
2023-04-26T00:00:00.000Z,0.1,4,1.6,0.9,2.1,0.776,607
2023-04-27T00:00:00.000Z,0.7,4.1,2.1,1.7,3.1,0.816,171
