date,min,max,PM 2.5 median,q1,q3,stdev,count
2019-05-10T00:00:00.000Z,0.93,32.18,16.32,3.18,20.92,9.448,516
2019-05-11T00:00:00.000Z,0.06,8.43,2.2,1.33,3.83,1.814,1035
2019-05-12T00:00:00.000Z,0.02,5.55,1.57,0.59,3.37,1.48,927
2019-05-13T00:00:00.000Z,0.02,7.82,1.47,0.53,3.76,2.055,896
2019-05-14T00:00:00.000Z,0.02,29.51,1.44,0.6,3.21,1.934,909
2019-05-15T00:00:00.000Z,0.51,5.82,2.11,1.65,2.78,0.982,913
2019-05-16T00:00:00.000Z,0.02,8.92,1.4,0.82,2.08,1.132,933
2019-05-17T00:00:00.000Z,0.85,35.38,3.18,2.54,5.44,3.397,1048
2019-05-18T00:00:00.000Z,3.33,60.23,15.79,12.1,24.38,8.798,956
2019-05-19T00:00:00.000Z,9,31.67,16.25,13.61,19.64,4.449,1020
2019-05-20T00:00:00.000Z,2.19,24.94,10.78,7.77,16.96,5.657,1052
2019-05-21T00:00:00.000Z,3.21,51.74,30.04,27.58,32.88,8.603,1050
2019-05-22T00:00:00.000Z,0.56,34.36,13.92,6.54,22.4,9.171,1065
2019-05-23T00:00:00.000Z,0.8,24.07,5.63,2.47,11.71,5.996,1052
2019-05-24T00:00:00.000Z,0.02,32.13,9.17,3.77,22.1,9.773,1042
2019-05-25T00:00:00.000Z,0.18,15.96,3.44,2.48,4.26,1.562,1045
2019-05-26T00:00:00.000Z,0.02,13.47,1.87,0.45,3.49,2.136,1056
2019-05-27T00:00:00.000Z,0.02,13.32,2.73,1.53,3.99,2.2,989
2019-05-28T00:00:00.000Z,0.02,7.85,1.29,0.84,2.24,2.064,1009
2019-05-29T00:00:00.000Z,0.02,40.53,0.34,0.12,0.95,1.68,1053
2019-05-30T00:00:00.000Z,0.18,25.4,4.62,2.69,16.45,7.267,1030
2019-05-31T00:00:00.000Z,0.02,22.8,2.67,1.24,5.74,6.089,976
2019-06-01T00:00:00.000Z,3.33,19.93,9.67,5.91,13.14,4.293,677
2019-06-02T00:00:00.000Z,0.11,9.85,2.41,1.46,5.01,2.189,682
2019-06-03T00:00:00.000Z,2.04,18,7.42,5.65,10.96,3.998,683
2019-06-04T00:00:00.000Z,2.16,10.86,5,4,5.68,1.322,692
2019-06-05T00:00:00.000Z,5.87,66.9,25.5,12.06,27.89,8.65,634
2019-06-06T00:00:00.000Z,4.84,29.33,16.61,13.98,26.31,7.04,721
2019-06-07T00:00:00.000Z,1.04,16.32,4.37,3.46,6.3,3.041,716
2019-06-08T00:00:00.000Z,0.97,24.43,4.62,3.45,14.11,6.187,719
2019-06-09T00:00:00.000Z,1.26,7.14,3.13,2.2,4.18,1.221,718
2019-06-10T00:00:00.000Z,2.79,23.57,6.12,4.68,7.78,3.801,722
2019-06-11T00:00:00.000Z,2.02,23.08,8.9,6.36,11.23,4.089,719
2019-06-12T00:00:00.000Z,4.38,35.56,15.38,11.87,22.32,7.931,722
2019-06-13T00:00:00.000Z,2.54,31.92,7.32,4.44,21.6,9.914,720
2019-06-14T00:00:00.000Z,0.47,15.94,2.19,1.65,3.99,2.271,717
2019-06-15T00:00:00.000Z,3.37,45.89,7.89,6.56,9.31,2.927,718
2019-06-16T00:00:00.000Z,0.8,22.16,7.6,2.22,10.29,5.28,719
2019-06-17T00:00:00.000Z,1.01,15.15,4.69,3.4,10.36,3.943,720
2019-06-18T00:00:00.000Z,1.77,19.48,9.38,6,13.52,4.458,717
2019-06-19T00:00:00.000Z,10.35,27.7,17.05,14.06,19.14,3.394,722
2019-06-20T00:00:00.000Z,4.07,26.38,12.32,8.65,19.62,6.28,721
2019-06-21T00:00:00.000Z,0.56,6.66,3.17,2.33,4,1.272,718
2019-06-22T00:00:00.000Z,0,5.54,0.9,0.41,1.47,1.104,718
2019-06-23T00:00:00.000Z,0,98.49,1.67,0.65,3.33,7.023,718
2019-06-24T00:00:00.000Z,0,47,2.29,1.18,7.37,7.386,721
2019-06-25T00:00:00.000Z,1.01,20.12,11,3.13,13.63,5.219,707
2019-06-26T00:00:00.000Z,3.2,25.47,13.04,11.25,17.85,5.099,721
2019-06-27T00:00:00.000Z,1.61,11.1,4.09,3.17,4.88,1.954,621
2019-06-28T00:00:00.000Z,2.35,13.26,4.51,3.58,5.74,2.321,720
2019-06-29T00:00:00.000Z,0.61,11.13,5.13,3.43,7.67,2.691,718
2019-06-30T00:00:00.000Z,3.04,20.57,6,4.88,8.16,3.396,699
2019-07-01T00:00:00.000Z,0.49,8.81,2.85,1.94,5.21,1.941,718
2019-07-02T00:00:00.000Z,0,207.94,0.18,0.04,0.44,7.74,720
2019-07-03T00:00:00.000Z,0,8.53,0.06,0,0.24,0.559,718
2019-07-04T00:00:00.000Z,0,17.14,1.06,0.5,2.1,1.53,717
2019-07-05T00:00:00.000Z,0,2.9,0.17,0,0.85,0.609,720
2019-07-06T00:00:00.000Z,0,6.34,2.04,1.21,2.79,1.069,719
2019-07-07T00:00:00.000Z,0.13,5.86,2.64,1.63,3.41,1.191,717
2019-07-08T00:00:00.000Z,0,6.99,3.57,2.09,4.78,1.668,719
2019-07-09T00:00:00.000Z,0.13,5.15,2.77,2.04,3.41,1.062,718
2019-07-10T00:00:00.000Z,0.3,20.68,2.36,1.69,3.14,1.266,718
2019-07-11T00:00:00.000Z,1.53,6.22,2.93,2.39,3.58,0.905,718
2019-07-12T00:00:00.000Z,3.07,14.82,5.19,4.7,5.76,1.266,721
2019-07-13T00:00:00.000Z,3.31,16.3,5.93,5.09,9.97,3.177,719
2019-07-14T00:00:00.000Z,5.6,13.63,8.69,7.53,9.42,1.245,714
2019-07-15T00:00:00.000Z,3.45,11.44,8.07,6.99,9.07,1.468,721
2019-07-16T00:00:00.000Z,0,9.19,5.18,0.66,6.33,2.835,718
2019-07-17T00:00:00.000Z,0,17.84,2.57,1.75,3.2,2.538,699
2019-07-18T00:00:00.000Z,0.69,17.1,3.04,2.46,4.29,1.517,717
2019-07-19T00:00:00.000Z,1.21,41.03,6.09,4.65,9.07,6.507,716
2019-07-20T00:00:00.000Z,1.68,25,7.77,5.09,17.51,6.602,674
2019-07-21T00:00:00.000Z,1.06,12.48,3.7,2.44,4.76,2.064,353
2019-07-22T00:00:00.000Z,0.27,10.16,2.86,2,3.69,1.475,703
2019-07-23T00:00:00.000Z,4.99,21.09,8.36,7.18,12.24,2.827,704
2019-07-24T00:00:00.000Z,3.97,11.48,7.25,6.56,8.3,1.394,719
2019-07-25T00:00:00.000Z,2.54,12.16,5.11,3.96,7.69,2.168,718
2019-07-26T00:00:00.000Z,3.82,13.93,7.34,5.83,9.27,2.222,719
2019-07-27T00:00:00.000Z,6.32,16.55,11.1,8.82,13.19,2.547,720
2019-07-28T00:00:00.000Z,0.99,24.08,17.64,15.56,20.36,5.504,715
2019-07-29T00:00:00.000Z,17.36,29.11,24.34,20.41,25.92,2.896,719
2019-07-30T00:00:00.000Z,2.5,33.35,25.73,5.71,27.89,10.824,719
2019-07-31T00:00:00.000Z,1.25,4.79,2.8,2.39,3.24,0.655,719
2019-08-01T00:00:00.000Z,0.61,9.81,3.68,3.01,4.04,0.985,715
2019-08-02T00:00:00.000Z,2.13,11.48,4.91,4.09,6.84,1.976,718
2019-08-03T00:00:00.000Z,4.03,16.59,5.77,5.15,6.84,2.43,718
2019-08-04T00:00:00.000Z,0.28,16.57,7.18,2.42,8.99,3.994,718
2019-08-05T00:00:00.000Z,2.43,13.83,5.96,4.11,7.87,2.151,717
2019-08-06T00:00:00.000Z,1.61,17.17,5.46,3.79,9.63,3.601,717
2019-08-07T00:00:00.000Z,1.5,16.62,6.94,5.68,10.23,3.507,717
2019-08-08T00:00:00.000Z,0.06,10.57,3.48,1.75,6.08,2.294,718
2019-08-09T00:00:00.000Z,0.36,6.18,2.81,2.14,3.41,1.058,717
2019-08-10T00:00:00.000Z,0,25.59,4.59,3.32,7.75,4.79,716
2019-08-11T00:00:00.000Z,1.43,5.77,3.8,3.19,4.36,0.77,715
2019-08-12T00:00:00.000Z,0.67,7.14,4.42,2.77,5.51,1.615,716
2019-08-13T00:00:00.000Z,0,7.47,1.99,1.22,3.03,1.115,719
2019-08-14T00:00:00.000Z,0,4.88,1.82,1.19,2.38,0.862,717
2019-08-15T00:00:00.000Z,1.12,19.72,4.38,3.46,8.74,4.654,716
2019-08-16T00:00:00.000Z,0,19.03,2.83,0.67,4.9,4.394,714
2019-08-17T00:00:00.000Z,1.38,21.1,7.77,3.97,9.66,4.663,717
2019-08-18T00:00:00.000Z,1.72,24.62,5.32,4.03,14.73,6.655,719
2019-08-19T00:00:00.000Z,0.3,8.52,3.78,2.79,5.79,1.875,719
2019-08-20T00:00:00.000Z,0.48,6.42,2.87,2.25,3.36,0.802,715
2019-08-21T00:00:00.000Z,0,6.42,2.86,1.87,4.44,1.577,715
2019-08-22T00:00:00.000Z,2.29,11.6,4.46,3.43,5.72,1.894,695
2019-08-23T00:00:00.000Z,2.14,16.87,4.83,3.72,11.67,4.508,710
2019-08-24T00:00:00.000Z,1,49.97,5.74,3.99,6.9,4.387,717
2019-08-25T00:00:00.000Z,7.03,23.57,12.3,9.67,14.3,3.271,714
2019-08-26T00:00:00.000Z,8.46,20.35,14.21,10.97,16.88,3.059,713
2019-08-27T00:00:00.000Z,12.71,26.54,16.88,15.38,18.53,2.602,610
2019-08-28T00:00:00.000Z,16.16,44.41,29.63,25.29,32.47,5.412,669
2019-08-29T00:00:00.000Z,4.63,50.28,34.82,16.57,41.44,13.918,716
2019-08-30T00:00:00.000Z,0.71,30.63,3.01,1.77,10.21,5.88,714
2019-08-31T00:00:00.000Z,10.6,38.18,20.79,17.26,31,7.839,715
2019-09-01T00:00:00.000Z,0,28.74,14.41,1,21.92,10.023,718
2019-09-02T00:00:00.000Z,0,12.53,0.44,0,0.99,1.499,717
2019-09-03T00:00:00.000Z,0,3.54,0.46,0.18,0.86,0.673,705
2019-09-04T00:00:00.000Z,0.13,26.74,4.28,1.04,11.43,7.652,716
2019-09-05T00:00:00.000Z,0,11.71,0.6,0.17,1.29,1.833,715
2019-09-06T00:00:00.000Z,0,6.26,1.08,0.38,2.5,1.519,714
2019-09-07T00:00:00.000Z,0,28.62,4.32,0.92,7.61,4.346,717
2019-09-08T00:00:00.000Z,1.01,13.67,4.78,2.41,6.26,2.258,716
2019-09-09T00:00:00.000Z,0.8,24.68,4.88,3.42,6.19,2.325,717
2019-09-10T00:00:00.000Z,0.62,25.34,10.9,3.49,14.35,6.293,717
2019-09-11T00:00:00.000Z,0.92,24.37,3.63,2.22,7.43,5.417,705
2019-09-12T00:00:00.000Z,0.2,5.41,1.89,1.22,2.46,0.817,715
2019-09-13T00:00:00.000Z,0,6.91,3.01,0.62,3.88,1.783,714
2019-09-14T00:00:00.000Z,0,11.28,4.88,0.61,6.32,2.887,719
2019-09-15T00:00:00.000Z,0,14.52,2.29,1.71,2.96,1.178,719
2019-09-16T00:00:00.000Z,0,3.36,1.12,0.56,1.57,0.639,692
2019-09-17T00:00:00.000Z,0,12.29,0.23,0.01,0.55,1.153,718
2019-09-18T00:00:00.000Z,0,2.65,0.19,0,0.54,0.374,715
2019-09-19T00:00:00.000Z,0,20.39,0.93,0,3.04,4.147,713
2019-09-20T00:00:00.000Z,0,9.14,2.52,0.8,4.43,2.057,713
2019-09-21T00:00:00.000Z,3.69,34.84,7.37,5.9,12.39,5.753,714
2019-09-22T00:00:00.000Z,1.7,26.74,12.95,9.99,16.38,5.408,714
2019-09-23T00:00:00.000Z,0,3.83,1.34,0.89,1.93,0.769,712
2019-09-24T00:00:00.000Z,2.48,39.84,33.36,28.46,35.22,7.433,712
2019-09-25T00:00:00.000Z,20.69,36.52,30.28,28.95,31.63,3.139,717
2019-09-26T00:00:00.000Z,27.86,61.54,37.53,32.14,40.81,7.611,716
2019-09-27T00:00:00.000Z,1.62,39.29,13.24,7.18,29.97,11.658,696
2019-09-28T00:00:00.000Z,0.01,34.27,5.34,3.95,13.16,5.065,704
2019-09-29T00:00:00.000Z,0,11.29,0.94,0.45,4.94,2.87,719
2019-09-30T00:00:00.000Z,0,19.16,1.4,0.56,8.44,4.172,714
2019-10-01T00:00:00.000Z,0,27.28,0.87,0.39,2.09,2.29,719
2019-10-02T00:00:00.000Z,0,26.01,0.9,0.32,4.08,6.35,713
2019-10-03T00:00:00.000Z,0,46.21,1.08,0.18,4.79,4.025,714
2019-10-04T00:00:00.000Z,1,118.99,2.64,2.14,3.2,9.675,710
2019-10-05T00:00:00.000Z,0.69,40.31,2.48,1.56,4.51,4.027,717
2019-10-06T00:00:00.000Z,0.17,63.91,3.24,1.51,5.29,6.706,715
2019-10-07T00:00:00.000Z,1,41.89,2.74,2,7,8.18,715
2019-10-08T00:00:00.000Z,2.22,57.2,7.57,6.08,10.9,5.2,714
2019-10-09T00:00:00.000Z,0.68,36.89,2.63,1.91,4.73,3.609,714
2019-10-10T00:00:00.000Z,0,8.74,2.29,1.33,4.01,1.831,713
2019-10-11T00:00:00.000Z,0,23.89,3.45,2.02,5.22,3.124,712
2019-10-12T00:00:00.000Z,0,25.04,1.94,1.23,4.26,2.289,716
2019-10-13T00:00:00.000Z,0.99,22.56,4.13,2.94,6.93,4.14,696
2019-10-14T00:00:00.000Z,0,39.54,0.87,0.19,4.63,6.259,714
2019-10-15T00:00:00.000Z,0,35.54,6.85,1.25,24.08,12.522,704
2019-10-16T00:00:00.000Z,0.4,35.92,19.3,15.01,24.16,7.858,715
2019-10-17T00:00:00.000Z,0.63,28.49,12.39,4.8,20.63,8.18,713
2019-10-18T00:00:00.000Z,0,26.7,9.32,6.69,11.32,4.115,713
2019-10-19T00:00:00.000Z,0.72,12.53,3.04,1.97,3.84,2.282,717
2019-10-20T00:00:00.000Z,3.5,40.04,23.47,17.03,27.14,9.363,710
2019-10-21T00:00:00.000Z,9.94,136.47,23.97,19.59,26.67,13.965,710
2019-10-22T00:00:00.000Z,2.2,33.15,22.61,18.05,25.15,8.005,712
2019-10-23T00:00:00.000Z,1.56,38.79,5.2,3.44,33.17,14.055,683
2019-10-24T00:00:00.000Z,25.28,51,33.74,31.64,42.43,6.029,602
2019-10-25T00:00:00.000Z,0.14,44.43,4.07,2.73,13.11,14.006,718
2019-10-26T00:00:00.000Z,2.72,14.06,6.51,5.46,7.9,2.1,718
2019-10-27T00:00:00.000Z,0,13.15,0.92,0.21,2.49,2.98,748
2019-10-28T00:00:00.000Z,0,40.59,0.77,0.09,2.93,7.326,713
2019-10-29T00:00:00.000Z,0,42.97,2.21,0.24,5.86,6.374,718
2019-10-30T00:00:00.000Z,0.07,25.43,5.24,3.26,7.28,4.215,720
2019-10-31T00:00:00.000Z,0,37.53,7.93,1.46,12.79,7.957,707
2019-11-01T00:00:00.000Z,12.82,43,29.47,22.99,33.63,6.888,719
2019-11-02T00:00:00.000Z,3.74,69.87,21.69,14.04,26.55,8.883,720
2019-11-03T00:00:00.000Z,6.22,73.7,15.67,9.96,20.86,7.924,719
2019-11-04T00:00:00.000Z,0,66.31,1.59,0.71,6.27,7.205,717
2019-11-05T00:00:00.000Z,0.32,121.92,3.11,1.31,7.77,11.118,720
2019-11-06T00:00:00.000Z,0,95.79,1.9,1.12,9.73,11.631,717
2019-11-07T00:00:00.000Z,3.26,69.7,8.52,6.36,13,8.551,719
2019-11-08T00:00:00.000Z,11.48,65.31,28.39,18.62,32.93,10.651,719
2019-11-09T00:00:00.000Z,4.26,76.88,19.7,16.82,25.84,8.242,716
2019-11-10T00:00:00.000Z,0,37.47,2.54,1.32,5.66,6.801,719
2019-11-11T00:00:00.000Z,11.17,40.26,23.42,18.42,33.43,7.945,719
2019-11-12T00:00:00.000Z,4.09,53.51,15.32,9.68,27.14,9.222,717
2019-11-13T00:00:00.000Z,6.29,23.37,11.27,8.78,15.24,4.062,721
2019-11-14T00:00:00.000Z,15.03,40.09,24.73,20.23,28.7,5.114,676
2019-11-15T00:00:00.000Z,1.01,44.13,4.63,2.83,21.52,10.082,718
2019-11-16T00:00:00.000Z,3.66,55.75,23.07,12.5,32.25,10.871,718
2019-11-17T00:00:00.000Z,6.25,157.94,26.62,19.17,32.54,11.527,719
2019-11-18T00:00:00.000Z,5.83,46.92,35.03,29.36,39.54,10.111,720
2019-11-19T00:00:00.000Z,1.4,19.91,5.85,3.49,10.21,4.16,718
2019-11-20T00:00:00.000Z,2.68,62.93,10.52,5.93,49.12,20.196,718
2019-11-21T00:00:00.000Z,6.7,85.6,33.42,19.47,49.36,16.01,716
2019-11-22T00:00:00.000Z,4.8,59.8,27.13,16.32,34.01,13.86,715
2019-11-23T00:00:00.000Z,23.92,102.61,42.19,34.26,47.26,9.219,716
2019-11-24T00:00:00.000Z,21.72,73.06,32.58,29.02,35.21,5.027,717
2019-11-25T00:00:00.000Z,30.57,50.64,36.97,35,42.14,4.636,716
2019-11-26T00:00:00.000Z,27.7,63.12,43.96,39.28,47.98,7.549,589
2019-11-27T00:00:00.000Z,12.92,40.79,28.19,22.92,34.17,6.854,732
2019-11-28T00:00:00.000Z,0.97,31.19,11.83,5.82,21.09,8.653,713
2019-11-29T00:00:00.000Z,0,36,0.28,0,1.04,2.891,714
2019-11-30T00:00:00.000Z,0,114.86,5.68,2.67,13.59,11.783,714
2019-12-01T00:00:00.000Z,0.12,30.9,5.92,2.92,8.75,4.907,715
2019-12-02T00:00:00.000Z,0,265.72,1.65,0.88,8.61,23.283,713
2019-12-03T00:00:00.000Z,0.43,50.68,8.34,5.09,11.09,5.674,716
2019-12-04T00:00:00.000Z,0.15,29.37,7.94,6.14,21.84,8.76,716
2019-12-05T00:00:00.000Z,10.94,40.96,28.16,23.7,30.97,6.459,713
2019-12-06T00:00:00.000Z,1.82,42.31,9.55,6.34,14.51,8.775,716
2019-12-07T00:00:00.000Z,0.17,10.25,2.09,1.41,3.97,2.606,720
2019-12-08T00:00:00.000Z,0.67,26.96,3.69,2.38,6.4,6.146,719
2019-12-09T00:00:00.000Z,0,9.03,2.41,1.38,3.67,1.561,669
2019-12-10T00:00:00.000Z,0,30.76,3.57,1.29,5,3.211,715
2019-12-11T00:00:00.000Z,3.01,64.86,15.65,8.03,27.46,10.399,709
2019-12-12T00:00:00.000Z,7.6,53.44,22.34,17.07,31.01,9.695,699
2019-12-13T00:00:00.000Z,2.68,66,18.12,12.52,45.58,16.876,713
2019-12-14T00:00:00.000Z,0,54.1,13.23,2.82,27.56,13.033,719
2019-12-15T00:00:00.000Z,0,5.92,2.29,1.38,3.46,1.313,704
2019-12-16T00:00:00.000Z,2.29,62.76,6.86,4.54,17.55,7.853,711
2019-12-17T00:00:00.000Z,7.77,147.16,25.62,14.19,29.77,12.81,710
2019-12-18T00:00:00.000Z,0,23.17,6.08,3.25,8.41,4.359,593
2019-12-19T00:00:00.000Z,8.61,48.64,32.88,24.62,38.32,8.634,712
2019-12-20T00:00:00.000Z,29.38,72.88,48.69,43.2,53.21,9.222,707
2019-12-21T00:00:00.000Z,11.57,53.94,27.71,21.77,33.2,9.391,694
2019-12-22T00:00:00.000Z,7.17,36.58,18,14.32,20.43,4.266,711
2019-12-23T00:00:00.000Z,2.8,34.34,19.98,7.46,23.31,8.195,705
2019-12-24T00:00:00.000Z,1.7,23.8,8.38,4.01,16.87,6.305,705
2019-12-25T00:00:00.000Z,0.03,39.13,6.14,2.99,25.49,10.915,711
2019-12-26T00:00:00.000Z,0,74.97,2.63,1.86,3.68,4.678,716
2019-12-27T00:00:00.000Z,0,57.65,1.64,1.13,2.56,4.249,712
2019-12-28T00:00:00.000Z,1.26,47.26,12.13,3.5,16.26,7.582,712
2019-12-29T00:00:00.000Z,8.36,88.36,27.49,15.83,37.43,11.669,722
2019-12-30T00:00:00.000Z,1.61,27.14,18.84,14.59,21.44,4.75,718
2019-12-31T00:00:00.000Z,1.28,286.1,3.83,2.85,21.02,40.147,713
2020-01-01T00:00:00.000Z,0.08,131.41,5.92,2.23,17.02,15.599,709
2020-01-02T00:00:00.000Z,13.56,63.34,44,31.97,52.86,12.924,711
2020-01-03T00:00:00.000Z,1.64,38.65,10.24,6.13,25.96,11.524,709
2020-01-04T00:00:00.000Z,0,14.65,1.72,1.01,2.85,1.849,695
2020-01-05T00:00:00.000Z,0.8,112.57,11.59,5.76,15.71,15.47,701
2020-01-06T00:00:00.000Z,3.49,45.74,13.06,7.72,21.32,12.539,678
2020-01-07T00:00:00.000Z,2.5,43.78,31.71,9.61,37.33,13.567,667
2020-01-08T00:00:00.000Z,5.39,30.49,11.55,8.78,16.39,7.059,634
2020-01-09T00:00:00.000Z,0.81,24.51,8.19,5.74,13.92,4.942,661
2020-01-10T00:00:00.000Z,0,20.72,7.06,1.55,12.04,5.608,570
2020-01-11T00:00:00.000Z,0.19,29.77,7.07,4.46,22.32,9.158,685
2020-01-12T00:00:00.000Z,3.12,23.25,9.59,6.91,14.47,4.996,706
2020-01-13T00:00:00.000Z,2.31,32.36,7.5,4.5,22.46,9.521,666
2020-01-14T00:00:00.000Z,2.11,24.03,12.47,6.37,16.57,5.33,600
2020-01-15T00:00:00.000Z,0.13,15.86,8.63,4.71,12.39,4.597,602
2020-01-16T00:00:00.000Z,0.86,56.47,5.31,3.91,11.94,8.373,658
2020-01-17T00:00:00.000Z,6.18,58.27,26.57,20.57,40.59,10.893,657
2020-01-18T00:00:00.000Z,0,46.03,3.09,1.21,7.02,11.343,692
2020-01-19T00:00:00.000Z,0.65,92.47,5.7,3.04,8.64,9.248,696
2020-01-20T00:00:00.000Z,3.47,14.9,6.11,5.15,7.36,1.537,668
2020-01-21T00:00:00.000Z,0.44,12.86,4.17,2.04,5.04,1.678,623
2020-01-22T00:00:00.000Z,0.71,1.84,1.4,1.04,1.59,0.299,36
2020-01-23T00:00:00.000Z,4.28,13.1,8.22,6.7,9.99,2.187,129
2020-01-24T00:00:00.000Z,1.75,17.18,5.69,4.09,7.76,2.878,406
2020-01-25T00:00:00.000Z,0.56,23.16,3.52,1.9,6.99,5.479,447
2020-01-26T00:00:00.000Z,14.6,61.51,32.14,21.2,38.5,9.766,473
2020-01-27T00:00:00.000Z,19.69,44.58,37.03,34.15,39.14,4.456,379
2020-01-28T00:00:00.000Z,4.41,53.55,17.64,12.63,29.29,10.431,410
2020-01-29T00:00:00.000Z,0.87,12.68,2.66,1.96,3.72,1.881,458
2020-01-30T00:00:00.000Z,0.25,14.18,3.28,2.36,6.53,3.103,441
2020-01-31T00:00:00.000Z,1.5,21.44,5.96,4.21,7.83,3.11,427
2020-02-01T00:00:00.000Z,0,9.86,4.8,3.13,6.25,2.13,479
2020-02-02T00:00:00.000Z,0.47,20.03,2.18,1.78,2.63,1.412,493
2020-02-03T00:00:00.000Z,0.83,16.82,4.86,3.77,8.28,3.146,472
2020-02-04T00:00:00.000Z,0,5.03,1.56,0.63,2.99,1.364,394
2020-02-05T00:00:00.000Z,0,28.85,2.06,0.36,3.11,3.569,384
2020-02-06T00:00:00.000Z,0.61,31.12,2.29,1.62,3.42,3.317,357
2020-02-07T00:00:00.000Z,2.97,28.31,9.03,6.87,12.7,5.208,330
2020-02-08T00:00:00.000Z,12.3,74.13,27.06,17.52,32,8.799,399
2020-02-09T00:00:00.000Z,0,51.37,20.75,8.81,44.41,17.713,516
2020-02-10T00:00:00.000Z,0.08,7.34,2.61,1.41,3.48,1.334,557
2020-02-11T00:00:00.000Z,0,6.53,1.2,0.75,2.04,1.291,525
2020-02-12T00:00:00.000Z,0,6.04,2.04,1.24,2.91,1.119,565
2020-02-13T00:00:00.000Z,0.05,21.9,3.14,1.48,6.05,3.658,524
2020-02-14T00:00:00.000Z,4.15,51.39,13.01,9.19,17.8,5.54,513
2020-02-15T00:00:00.000Z,7.54,47.1,27.94,24,33.77,7.906,439
2020-02-16T00:00:00.000Z,0,9.68,3.78,1.21,4.59,1.777,513
2020-02-17T00:00:00.000Z,0,14.1,4.45,3.44,5.25,1.56,482
2020-02-18T00:00:00.000Z,0.69,8.94,4,3.1,4.61,1.223,431
2020-02-19T00:00:00.000Z,0,14.54,2.49,1.43,5.69,3.264,599
2020-02-20T00:00:00.000Z,0.17,22.51,9.97,5.09,16.42,5.989,645
2020-02-21T00:00:00.000Z,0,9,3.59,2.35,4.36,1.588,658
2020-02-22T00:00:00.000Z,0.23,5.73,2.56,1.67,3.46,1.132,643
2020-02-23T00:00:00.000Z,0.38,13.18,3.76,2.76,4.69,1.444,666
2020-02-24T00:00:00.000Z,0.1,18.72,1.78,1.24,3.36,2.312,692
2020-02-25T00:00:00.000Z,0,4.67,1.21,0.56,1.79,0.799,619
2020-02-26T00:00:00.000Z,0,26.69,0.65,0.17,1.12,2.345,544
2020-02-27T00:00:00.000Z,0,49.12,6.15,2.99,13.25,9.637,706
2020-02-28T00:00:00.000Z,0,62.65,5.76,1.65,12.67,7.518,720
2020-02-29T00:00:00.000Z,0,21.65,10.61,3.33,15.08,6.199,719
2020-03-01T00:00:00.000Z,0,46.34,3.29,2.62,4.17,3.697,722
2020-03-02T00:00:00.000Z,1.7,21.63,5.49,4.09,8.27,4.381,713
2020-03-03T00:00:00.000Z,7.7,45.91,17.66,13.66,23.07,6.445,720
2020-03-04T00:00:00.000Z,1.82,31.44,7.97,5.01,12.54,6.16,717
2020-03-05T00:00:00.000Z,1.25,26.1,9.43,4.97,15.77,6.341,720
2020-03-06T00:00:00.000Z,20.8,98.75,34.25,28.74,39.68,8.613,721
2020-03-07T00:00:00.000Z,6.82,56.72,22.41,18.23,35.47,11.346,720
2020-03-08T00:00:00.000Z,9.28,40.04,20.67,17.23,28.45,7.757,718
2020-03-09T00:00:00.000Z,3.95,36.71,18.62,8.96,26.81,8.976,718
2020-03-10T00:00:00.000Z,1.85,29.2,8.15,4.4,18.77,8.229,719
2020-03-11T00:00:00.000Z,1.15,7.27,3.38,2.84,3.97,0.923,720
2020-03-12T00:00:00.000Z,0,18.32,3.1,1.45,4.3,4.153,719
2020-03-13T00:00:00.000Z,0,16.61,2.36,0.94,3.54,1.785,721
2020-03-14T00:00:00.000Z,0,29.64,0.62,0.18,1.32,1.887,720
2020-03-15T00:00:00.000Z,3.41,18.21,8.98,6.2,10.46,2.493,718
2020-03-16T00:00:00.000Z,1.12,48.9,6.68,4.48,8.57,4.146,718
2020-03-17T00:00:00.000Z,1.19,20.58,10.83,3.5,13.74,5.777,720
2020-03-18T00:00:00.000Z,2.29,22.78,9.98,5.12,14.19,5.133,720
2020-03-19T00:00:00.000Z,0.25,24.4,3.06,2.17,4.59,3.15,716
2020-03-20T00:00:00.000Z,0,49.07,2.04,0.64,3.36,3.244,717
2020-03-21T00:00:00.000Z,0,29.7,0.83,0.24,1.87,2.701,719
2020-03-22T00:00:00.000Z,0,51.69,1.22,0.86,2.6,4.762,718
2020-03-23T00:00:00.000Z,0.25,18.75,4.8,2.54,6.6,2.98,719
2020-03-24T00:00:00.000Z,7.79,33.67,15.96,11.27,19.22,5.013,716
2020-03-25T00:00:00.000Z,19.47,53.73,27.03,25.16,30.33,7.453,719
2020-03-26T00:00:00.000Z,20.45,202.36,36.54,26.4,43.38,12.282,719
2020-03-27T00:00:00.000Z,25.2,179.45,40.93,35.86,48.29,14.281,723
2020-03-28T00:00:00.000Z,1.28,71.02,44.74,11.23,50.72,20.165,722
2020-03-29T00:00:00.000Z,0,23.47,0.23,0,1,3.024,690
2020-03-30T00:00:00.000Z,0,55.4,1.17,0.43,2.2,4.784,717
2020-03-31T00:00:00.000Z,0,35.32,2.84,1.65,3.75,2.874,721
2020-04-01T00:00:00.000Z,0.35,16.62,3.26,2,4.19,1.499,701
2020-04-02T00:00:00.000Z,1.42,16.6,3.84,3.27,4.38,1.58,714
2020-04-03T00:00:00.000Z,0,6.41,1.67,1.12,2.48,0.937,719
2020-04-04T00:00:00.000Z,0,31.65,3.61,2.29,12.65,9.049,719
2020-04-05T00:00:00.000Z,1.88,40.11,6.64,5.03,31.89,13.298,714
2020-04-06T00:00:00.000Z,6.25,47.45,24.86,14.59,35.43,10.82,682
2020-04-07T00:00:00.000Z,0.07,49.69,4.29,1.75,30.01,16.615,621
2020-04-08T00:00:00.000Z,1.12,16.59,3.01,2.31,3.93,2.799,714
2020-04-09T00:00:00.000Z,0,18.57,3,0.84,11.98,5.787,721
2020-04-10T00:00:00.000Z,1.45,29.07,6.48,5.21,9.47,3.536,717
2020-04-11T00:00:00.000Z,1.25,34.54,9.69,6.95,11.92,3.821,720
2020-04-12T00:00:00.000Z,0.61,46.09,11.25,2.52,26.84,12.859,719
2020-04-13T00:00:00.000Z,0,4.92,0.54,0.25,1.09,0.885,717
2020-04-14T00:00:00.000Z,0,7.9,1.29,0.17,3.75,1.882,719
2020-04-15T00:00:00.000Z,3.6,15.37,7.7,6.05,9.98,2.703,722
2020-04-16T00:00:00.000Z,0,11.38,2.48,0.78,5.79,2.766,718
2020-04-17T00:00:00.000Z,0,8,1.02,0,3.52,2.095,714
2020-04-18T00:00:00.000Z,0,8.8,1.27,0.28,1.98,1.468,711
2020-04-19T00:00:00.000Z,0,15,1.64,0.08,2.76,1.98,719
2020-04-20T00:00:00.000Z,0,6.98,1.17,0.27,3.44,1.818,718
2020-04-21T00:00:00.000Z,0,26.23,1.8,0.47,3.33,2.858,720
2020-04-22T00:00:00.000Z,0,16.86,1.34,0.33,2.83,1.578,722
2020-04-23T00:00:00.000Z,0,21.6,6.1,3.63,12.8,5.458,721
2020-04-24T00:00:00.000Z,4.12,23.53,11.86,8.07,15.85,4.916,722
2020-04-25T00:00:00.000Z,0,7.12,0.72,0,2.5,1.562,721
2020-04-26T00:00:00.000Z,2.15,23.54,5.97,3.73,8.22,2.751,720
2020-04-27T00:00:00.000Z,6.21,42.83,15,9.23,22.97,9.424,720
2020-04-28T00:00:00.000Z,0.62,28.7,5.28,3.67,7.78,5.422,717
2020-04-29T00:00:00.000Z,0.97,40.85,3.92,2.67,5.7,4.134,719
2020-04-30T00:00:00.000Z,1.04,56.75,14.07,4.51,20.29,10.898,725
2020-05-01T00:00:00.000Z,0.03,181.48,8.52,4.59,15.17,11.538,709
2020-05-02T00:00:00.000Z,0,25.98,7.88,3.71,12.41,5.847,718
2020-05-03T00:00:00.000Z,1.12,29.98,3.76,2.64,14.26,7.296,722
2020-05-04T00:00:00.000Z,0,6.05,0.7,0.16,3.36,1.772,721
2020-05-05T00:00:00.000Z,0,5.14,0.25,0.07,0.55,0.557,723
2020-05-06T00:00:00.000Z,0.03,7.33,3.42,1.32,4.51,1.842,726
2020-05-07T00:00:00.000Z,1.88,12.41,6.08,5.25,6.88,1.699,549
2020-05-08T00:00:00.000Z,8.19,36.68,12.97,11.39,16.47,5.198,520
2020-05-09T00:00:00.000Z,2.68,36.61,7.14,5.41,9.75,5.572,477
2020-05-10T00:00:00.000Z,4.75,63.4,32.64,22.17,38.22,12.977,352
2020-05-11T00:00:00.000Z,0,4.13,0.1,0,0.3,0.41,482
2020-05-12T00:00:00.000Z,0,5.97,1.29,0.6,2.02,0.973,698
2020-05-13T00:00:00.000Z,0,17.32,0.15,0,0.77,1.947,721
2020-05-14T00:00:00.000Z,0,8.13,1.28,0.28,2.18,1.186,713
2020-05-15T00:00:00.000Z,0,5.09,1.76,1.2,2.37,0.99,720
2020-05-16T00:00:00.000Z,0,21.57,2.11,1.1,3,1.69,724
2020-05-17T00:00:00.000Z,0.2,7.44,1.88,1.28,3.48,1.539,721
2020-05-18T00:00:00.000Z,0,131.13,3.45,1.4,5.48,6.501,705
2020-05-19T00:00:00.000Z,0,15.95,3.21,0.48,10.51,5.212,720
2020-05-20T00:00:00.000Z,2.93,116.9,6,5.01,7.65,7.205,724
2020-05-21T00:00:00.000Z,1.6,18.76,5.4,4.41,6.64,3.54,718
2020-05-22T00:00:00.000Z,0.23,7.21,2.31,1.84,3.03,1.416,717
2020-05-23T00:00:00.000Z,1.27,27.13,6.73,3.26,15.8,7.469,717
2020-05-24T00:00:00.000Z,0.05,7,3.32,2.56,3.93,1.046,719
2020-05-25T00:00:00.000Z,2.2,28.56,4.73,3.72,6.23,2.286,717
2020-05-26T00:00:00.000Z,1.38,14.15,5.61,3.47,6.38,2.112,715
2020-05-27T00:00:00.000Z,0.89,39.47,8.14,2.75,10.37,4.321,718
2020-05-28T00:00:00.000Z,0,6.95,1.54,0.87,3.04,1.495,693
2020-05-29T00:00:00.000Z,0.33,19,2.42,1.75,4.92,2.65,716
2020-05-30T00:00:00.000Z,0.28,10.74,3.17,1.88,7.34,2.913,719
2020-05-31T00:00:00.000Z,0,31.28,0.53,0.08,2.78,2.228,720
2020-06-01T00:00:00.000Z,0,10.11,0.94,0.3,3.27,2.027,655
2020-06-02T00:00:00.000Z,0,7.8,1.79,0.73,3.03,1.727,716
2020-06-03T00:00:00.000Z,0.69,11.24,3.38,2.49,4.63,2.39,717
2020-06-04T00:00:00.000Z,1.81,14.64,4.46,3.69,5.47,1.471,714
2020-06-05T00:00:00.000Z,0,13.49,0.81,0.14,4.32,4.062,718
2020-06-06T00:00:00.000Z,0,7,0.95,0,2.67,1.874,717
2020-06-07T00:00:00.000Z,0.72,11.57,3.44,2.29,4.53,2.265,714
2020-06-08T00:00:00.000Z,0.17,7.12,2.82,1.68,4.4,1.583,712
2020-06-09T00:00:00.000Z,0.27,11.72,2.64,1.95,4.12,2.805,711
2020-06-10T00:00:00.000Z,1.15,7.68,3.57,2.61,5.26,1.525,717
2020-06-11T00:00:00.000Z,0,50.02,2.35,1.26,4.7,3.318,716
2020-06-12T00:00:00.000Z,2.67,21.63,12.05,5.01,15.81,5.191,712
2020-06-13T00:00:00.000Z,3.98,23.4,10.09,5.95,17.72,5.815,718
2020-06-14T00:00:00.000Z,1.25,8.08,4.88,3.59,6.55,1.679,715
2020-06-15T00:00:00.000Z,2.12,17.75,4.4,3.45,6.1,1.692,711
2020-06-16T00:00:00.000Z,5.33,97.92,8.41,7.15,12.71,4.762,714
2020-06-17T00:00:00.000Z,7.39,18.42,13.28,11.77,14.93,2.291,715
2020-06-18T00:00:00.000Z,2.2,23.35,7.72,4.97,10.76,3.999,718
2020-06-19T00:00:00.000Z,6.38,29.77,13.6,11.51,15.79,4.578,713
2020-06-20T00:00:00.000Z,5.16,22.8,12.01,8.53,15.98,4.339,714
2020-06-21T00:00:00.000Z,4.2,17.07,9.34,6.47,11.12,2.667,716
2020-06-22T00:00:00.000Z,0.16,16.35,3.35,2.31,8.59,4.427,716
2020-06-23T00:00:00.000Z,0.1,88.95,1.75,1.12,3.21,11.01,662
2020-06-24T00:00:00.000Z,2.25,32,5.53,4.72,7.28,6.161,660
2020-06-25T00:00:00.000Z,3.73,12.6,8.51,7.08,9.32,1.635,653
2020-06-26T00:00:00.000Z,9.92,25.16,17.97,15.1,20.9,3.728,642
2020-06-27T00:00:00.000Z,4.73,23.04,14.63,9.58,19.62,5.007,601
2020-06-28T00:00:00.000Z,2.02,32,7.79,5.12,18.68,8.46,583
2020-06-29T00:00:00.000Z,0,11.36,1.87,1.28,2.6,1.141,550
2020-06-30T00:00:00.000Z,1.52,6.66,3.5,2.75,4.41,1.111,544
2020-07-01T00:00:00.000Z,0.1,12.95,2.52,1.6,3.44,3.08,528
2020-07-02T00:00:00.000Z,0,15.93,2.23,0.61,6,4.141,535
2020-07-03T00:00:00.000Z,0,4.12,0.3,0.05,0.98,0.83,534
2020-07-04T00:00:00.000Z,0,7.88,1.78,0.42,3.88,2.117,578
2020-07-05T00:00:00.000Z,0,4.61,0.8,0.19,1.64,0.986,546
2020-07-06T00:00:00.000Z,0,2,0.53,0.19,0.98,0.486,347
2020-07-07T00:00:00.000Z,0,3.52,0.52,0.22,0.87,0.516,527
2020-07-08T00:00:00.000Z,0,2.29,0.07,0,0.32,0.386,526
2020-07-09T00:00:00.000Z,0,11.78,0.24,0.05,0.55,1.15,563
2020-07-10T00:00:00.000Z,0,9.83,0.89,0.49,1.47,1.392,560
2020-07-11T00:00:00.000Z,0,2.8,0.44,0.11,1.02,0.622,552
2020-07-12T00:00:00.000Z,0,3.56,0.57,0.18,1.36,0.841,565
2020-07-13T00:00:00.000Z,0,5.22,2,1.54,2.6,1.072,552
2020-07-14T00:00:00.000Z,2.97,26,7.54,6.07,12.72,4.878,544
2020-07-15T00:00:00.000Z,0.63,24.58,4.34,3.6,5.16,3.9,553
2020-07-16T00:00:00.000Z,0.57,4.83,2.11,1.62,2.59,0.811,538
2020-07-17T00:00:00.000Z,0,7.97,3.15,1.67,5.15,2.091,561
2020-07-18T00:00:00.000Z,1.68,8.1,4.25,3.43,5.63,1.39,569
2020-07-19T00:00:00.000Z,5.6,20.78,11.25,9.32,12.77,2.601,580
2020-07-20T00:00:00.000Z,0,24.38,0.76,0.26,2.25,5.509,533
2020-07-21T00:00:00.000Z,0,2.02,0.15,0,0.46,0.338,542
2020-07-22T00:00:00.000Z,0,1.37,0.12,0,0.31,0.238,533
2020-07-23T00:00:00.000Z,0,10.93,0.25,0.05,0.93,1.616,540
2020-07-24T00:00:00.000Z,0,14.34,3.49,0.55,10.58,4.955,542
2020-07-25T00:00:00.000Z,0,12.32,1.38,0.56,3.9,2.666,566
2020-07-26T00:00:00.000Z,0.19,14.36,4.9,3.36,8.49,3.416,503
2020-07-27T00:00:00.000Z,0.92,7.75,3.6,2.81,4.86,1.651,519
2020-07-28T00:00:00.000Z,0,15.43,2.66,1.07,5.73,2.621,484
2020-07-29T00:00:00.000Z,0,2.37,0.42,0.1,0.82,0.467,498
2020-07-30T00:00:00.000Z,0,2.37,0.47,0.18,0.88,0.496,495
2020-07-31T00:00:00.000Z,1.05,11.6,2.76,1.95,3.67,2.015,516
2020-08-01T00:00:00.000Z,0.9,16.86,2.98,2.16,5.18,2.329,497
2020-08-02T00:00:00.000Z,1.66,22.58,3.98,3.25,5.28,2.368,484
2020-08-03T00:00:00.000Z,0,179.58,1.37,0.55,2.34,8.322,481
2020-08-04T00:00:00.000Z,0.02,61.55,1.75,0.93,4.09,8.058,556
2020-08-05T00:00:00.000Z,0.75,6.93,3.67,2.12,4.58,1.436,614
2020-08-06T00:00:00.000Z,2.43,73.62,6.47,5.28,8.81,10.324,640
2020-08-07T00:00:00.000Z,4.3,17.45,7.97,6.9,10.28,2.657,638
2020-08-08T00:00:00.000Z,4.15,15.95,7.85,6.97,11.32,2.623,646
2020-08-09T00:00:00.000Z,6.66,17.98,11.26,9.11,14.44,2.898,627
2020-08-10T00:00:00.000Z,1.5,27.34,17.02,14.93,18.79,4.462,612
2020-08-11T00:00:00.000Z,0.03,6.42,1.69,1.15,3.47,1.513,638
2020-08-12T00:00:00.000Z,0.23,6.51,2,1.44,2.93,1.301,612
2020-08-13T00:00:00.000Z,1.02,8.5,5.29,4.65,5.98,1.237,639
2020-08-14T00:00:00.000Z,0.43,14.08,5.9,3.3,9.25,3.25,637
2020-08-15T00:00:00.000Z,8,114.63,12.34,10.5,15.95,15.304,597
2020-08-16T00:00:00.000Z,12.93,38.32,22.54,17.55,26.76,5.38,630
2020-08-17T00:00:00.000Z,7.26,49.6,12.68,9.74,28.37,11.754,624
2020-08-18T00:00:00.000Z,12.57,25.55,16.22,14.68,18.13,2.806,617
2020-08-19T00:00:00.000Z,0.83,28.16,14.34,7.34,21.17,7.653,589
2020-08-20T00:00:00.000Z,3.68,30.36,10.05,8.09,12.47,6.486,584
2020-08-21T00:00:00.000Z,2.36,77.81,14.26,10.19,19.05,9.65,589
2020-08-22T00:00:00.000Z,0.41,55.57,2.46,1.98,6.49,9.566,513
2020-08-23T00:00:00.000Z,0,3.2,0.72,0.18,1.68,0.851,546
2020-08-24T00:00:00.000Z,0,3.03,0.43,0.08,0.84,0.503,487
2020-08-25T00:00:00.000Z,0,1.74,0.2,0.03,0.48,0.37,479
2020-08-26T00:00:00.000Z,0,8.82,3.53,1.83,4.9,2.143,514
2020-08-27T00:00:00.000Z,0,7.54,1.08,0.27,3.16,1.627,553
2020-08-28T00:00:00.000Z,0,5.83,0.98,0.4,3.39,1.638,523
2020-08-29T00:00:00.000Z,0.1,27.79,6.17,1.96,10.5,5.72,523
2020-08-30T00:00:00.000Z,0,15.32,1.46,0.2,10.28,4.998,511
2020-08-31T00:00:00.000Z,0,5.93,0,0,0.56,0.741,503
2020-09-01T00:00:00.000Z,0,12.48,1.75,0,3.64,2.352,529
2020-09-02T00:00:00.000Z,0,13.42,3.22,1.78,7.18,2.807,521
2020-09-03T00:00:00.000Z,1.44,29.08,5.36,3.85,8.44,5.95,497
2020-09-04T00:00:00.000Z,0,13.1,1.3,0.34,2.21,3.157,516
2020-09-05T00:00:00.000Z,0,3.63,1.51,0.88,1.85,0.722,497
2020-09-06T00:00:00.000Z,0,2.63,0.44,0.1,0.87,0.489,497
2020-09-07T00:00:00.000Z,0,2.57,0.23,0.08,0.52,0.427,481
2020-09-08T00:00:00.000Z,0,9.44,2.42,1.47,4.46,2.388,413
2020-09-09T00:00:00.000Z,0,18.14,4.74,0.93,11.18,5.643,385
2020-09-10T00:00:00.000Z,0,4.46,0.53,0.11,1.38,0.8,399
2020-09-11T00:00:00.000Z,0.98,9.97,2.79,2.13,5.69,2.309,348
2020-09-12T00:00:00.000Z,0,20.3,8.85,5.58,10.6,4.739,323
2020-09-13T00:00:00.000Z,2.21,568.53,4.34,3.46,5.31,28.923,380
2020-09-14T00:00:00.000Z,4.16,13.31,7.11,5.86,9.38,2.232,343
2020-09-15T00:00:00.000Z,8.03,63.3,14.86,11.8,30.49,12.224,331
2020-09-16T00:00:00.000Z,0,79.87,10.72,0.53,50.2,26.813,422
2020-09-17T00:00:00.000Z,0,6.1,0,0,0.03,0.594,358
2020-09-18T00:00:00.000Z,0,17.03,1.42,0.17,3.99,3.074,352
2020-09-19T00:00:00.000Z,1.67,68.18,7.63,6.76,9.97,5.509,436
2020-09-20T00:00:00.000Z,4.03,50.57,14.09,10.17,17.39,5.99,419
2020-09-21T00:00:00.000Z,4.48,41.78,23.16,18.72,28.98,8.867,398
2020-09-22T00:00:00.000Z,10.02,50.9,23.65,17.54,27.78,8.75,426
2020-09-23T00:00:00.000Z,11.38,67.79,36.27,29.74,45.24,13.636,463
2020-09-24T00:00:00.000Z,0,63.63,7.25,2.04,39.07,20.87,459
2020-09-25T00:00:00.000Z,0.28,36.28,8.27,4.73,12.93,5.062,469
2020-09-26T00:00:00.000Z,0.3,36.63,3.75,2.31,5.74,10.138,480
2020-09-27T00:00:00.000Z,17.3,32.81,23.08,21.05,29.41,4.412,490
2020-09-28T00:00:00.000Z,1.72,81.67,10.77,4.94,18.73,8.907,464
2020-09-29T00:00:00.000Z,3.02,36.61,8.28,5.77,17.3,8.771,443
2020-09-30T00:00:00.000Z,7.1,39.64,25.31,11.31,34.84,11.071,399
2020-10-01T00:00:00.000Z,9.31,29.14,17.55,12.07,23.19,5.713,322
2020-10-02T00:00:00.000Z,5.62,43,19.55,9.41,25.17,9.71,289
2020-10-03T00:00:00.000Z,13.17,46.02,20.3,17.16,35.39,9.553,290
2020-10-04T00:00:00.000Z,0,40.98,9.67,2.16,33.61,14.246,303
2020-10-05T00:00:00.000Z,0,22.09,0.91,0.41,1.75,6.766,318
2020-10-06T00:00:00.000Z,1.04,19.22,9.67,5.92,13.88,4.587,345
2020-10-07T00:00:00.000Z,0.28,21.46,2.79,1.94,5.82,2.936,324
2020-10-08T00:00:00.000Z,0,9.11,2.11,1.33,3.42,1.875,319
2020-10-09T00:00:00.000Z,0,11.76,0.69,0.23,1.4,0.993,372
2020-10-10T00:00:00.000Z,0,9.86,2.22,0.55,3.38,2.396,406
2020-10-11T00:00:00.000Z,0.4,72.09,2.36,1.47,6.1,9.222,426
2020-10-12T00:00:00.000Z,0,22.46,6.9,2.35,12.69,5.847,377
2020-10-13T00:00:00.000Z,0,46.3,4.26,1.67,6.6,4.316,420
2020-10-14T00:00:00.000Z,0,57.48,0.17,0.03,0.34,3.615,408
2020-10-15T00:00:00.000Z,0,30.33,0.93,0.53,2.02,2.905,392
2020-10-16T00:00:00.000Z,0,45.18,0.92,0.22,1.93,3.504,401
2020-10-17T00:00:00.000Z,0,43.07,1.21,0.56,3.28,3.277,424
2020-10-18T00:00:00.000Z,0,28.55,1.4,0.03,3.84,4.382,410
2020-10-19T00:00:00.000Z,0,23.23,2.97,1.46,4.74,3.104,426
2020-10-20T00:00:00.000Z,9.07,33.86,23.9,13.78,27.38,7.043,406
2020-10-21T00:00:00.000Z,6.68,55.84,37.4,19.55,48.91,15.463,387
2020-10-22T00:00:00.000Z,0,8.47,3.38,1.68,4.38,2.066,402
2020-10-23T00:00:00.000Z,0,16.47,2.22,1.11,5.92,4.269,383
2020-10-24T00:00:00.000Z,1.11,37.81,9.09,3.59,17.82,10.966,410
2020-10-25T00:00:00.000Z,0.12,22.36,2.21,1.21,4.54,4.92,478
2020-10-26T00:00:00.000Z,0.05,26.12,14.05,10.81,17.39,5.787,443
2020-10-27T00:00:00.000Z,5.18,26.32,11.84,9.38,13.98,5.22,404
2020-10-28T00:00:00.000Z,1.36,13.1,4.7,3.67,6.19,2.001,448
2020-10-29T00:00:00.000Z,0.17,21.3,7.49,5.22,9.1,3.021,442
2020-10-30T00:00:00.000Z,0,27.17,3.1,1.2,6.74,4.726,443
2020-10-31T00:00:00.000Z,0.28,36.38,6.16,3.47,12.87,5.107,409
2020-11-01T00:00:00.000Z,2.58,17.64,9.56,6.67,11.57,3.69,461
2020-11-02T00:00:00.000Z,0,11.39,2.23,1.13,4.43,2.896,442
2020-11-03T00:00:00.000Z,0,9.94,2.54,1.19,4.71,2.201,436
2020-11-04T00:00:00.000Z,0,10.8,1.17,0.77,1.62,2.134,329
2020-11-05T00:00:00.000Z,0,6.21,1.65,0.85,2.84,1.467,321
2020-11-06T00:00:00.000Z,0.9,64.98,5.25,2.93,12.33,6.706,315
2020-11-07T00:00:00.000Z,2.52,30.44,9.41,7.05,14.23,7.241,341
2020-11-08T00:00:00.000Z,3.62,35.52,18.98,12.52,28.08,8.06,295
2020-11-09T00:00:00.000Z,6.62,24.19,14.72,9.75,17.17,4.09,236
2020-11-10T00:00:00.000Z,15.02,38.9,31.01,22.98,33.92,6.86,290
2020-11-11T00:00:00.000Z,9.67,56.95,27.17,20.97,40.22,12.39,305
2020-11-12T00:00:00.000Z,26.59,45.46,34.61,31.56,37.07,3.87,281
2020-11-13T00:00:00.000Z,5.33,41.9,21.52,15.76,32.27,9.9,273
2020-11-14T00:00:00.000Z,6,40.39,21.82,16.05,28.21,8.666,310
2020-11-15T00:00:00.000Z,12.12,40.11,20.29,15.7,30.65,8.333,255
2020-11-16T00:00:00.000Z,0.77,13.97,5.05,3.12,7.3,3.11,250
2020-11-17T00:00:00.000Z,0.14,12.95,3.52,1.5,6.25,3.398,247
2020-11-20T00:00:00.000Z,2.83,6.72,4.82,4.15,5.55,1.149,31
2020-11-21T00:00:00.000Z,0.86,33.04,6.7,3.63,19.6,9.544,272
2020-11-22T00:00:00.000Z,1,7.21,2.78,2.14,3.44,1.11,274
2020-11-23T00:00:00.000Z,0.16,8.23,2.13,1.22,3.17,1.472,238
2020-11-24T00:00:00.000Z,2,40.38,23.56,6.82,31.09,12.496,268
2020-11-25T00:00:00.000Z,16.73,49.78,36.61,32.39,41.6,7.881,285
2020-11-26T00:00:00.000Z,0.28,58.69,6.3,1.38,48.54,23.689,246
2020-11-27T00:00:00.000Z,0.27,45.71,5.8,3.65,9.17,6.434,238
2020-11-28T00:00:00.000Z,3.39,223.12,10.82,8.24,14.37,20.934,259
2020-11-29T00:00:00.000Z,0.05,140.1,3.07,1.77,7.24,13.204,249
2020-11-30T00:00:00.000Z,1.04,47.37,8.41,3.46,26.67,13.17,242
2020-12-01T00:00:00.000Z,24.97,129.58,36.94,32.76,39.79,11.222,224
2020-12-02T00:00:00.000Z,27.05,75.26,42.16,38.74,57.64,10.623,272
2020-12-03T00:00:00.000Z,42.07,71.63,58.66,54.67,62.89,6.521,231
2020-12-04T00:00:00.000Z,22.62,67.67,45.33,39.18,49.61,8.639,234
2020-12-05T00:00:00.000Z,35.9,76.23,51.17,43.07,54.93,7.405,247
2020-12-06T00:00:00.000Z,20.57,122,45.87,41,49.21,11.2,308
2020-12-07T00:00:00.000Z,33.04,45.33,40.93,38.61,42.23,2.579,247
2020-12-08T00:00:00.000Z,38.14,74.92,49.98,44.73,56.03,10.052,234
2021-04-10T00:00:00.000Z,0,63.1,0.8,0.4,5.2,11.266,217
2021-04-11T00:00:00.000Z,0,66.3,7,3.65,22.1,18.205,372
2021-04-12T00:00:00.000Z,0,4.1,0.8,0.5,1.2,0.774,322
2021-04-13T00:00:00.000Z,0,12.9,1.8,1,3.1,1.799,348
2021-04-14T00:00:00.000Z,0,41.3,5.85,0.4,8.7,6.868,246
2021-04-15T00:00:00.000Z,0,70.7,0.8,0.4,1.4,4.259,321
2021-04-16T00:00:00.000Z,0,15.5,1,0.8,1.5,1.832,347
2021-04-17T00:00:00.000Z,0.1,13.9,2.65,1,6.2,3.356,368
2021-04-18T00:00:00.000Z,1.2,35.5,4.9,1.9,8.8,5.653,358
2021-04-19T00:00:00.000Z,1.2,22.9,4.55,2.2,8,4.006,376
2021-04-20T00:00:00.000Z,2.2,18.3,5.4,3.1,8.9,3.944,371
2021-04-21T00:00:00.000Z,0,41.3,2.8,2,16.3,11.52,375
2021-04-22T00:00:00.000Z,0,9.3,0.8,0.3,1.4,1.343,329
2021-04-23T00:00:00.000Z,0,6.7,2.1,0.6,3.5,1.7,302
2021-04-24T00:00:00.000Z,0,9.9,4.59,0.1,6.7,3.307,215
2021-04-25T00:00:00.000Z,0,2.5,0.1,0.05,0.3,0.274,281
2021-04-26T00:00:00.000Z,0,5.7,0.2,0.1,0.75,1.098,261
2021-04-27T00:00:00.000Z,0,27,1.3,0.8,2.5,1.979,359
2021-04-28T00:00:00.000Z,0.4,48.9,5.09,3.15,11.75,6.243,397
2021-04-29T00:00:00.000Z,7.8,93,15.6,12.3,25.2,9.924,384
2021-04-30T00:00:00.000Z,2.5,54.2,7.1,5.09,9.9,5.562,374
2021-05-01T00:00:00.000Z,1.4,133.8,4.75,2.8,15.8,9.111,378
2021-05-02T00:00:00.000Z,1.9,19.2,4,2.9,7.7,3.693,365
2021-05-03T00:00:00.000Z,0.5,22.3,6.8,2.5,18.89,8.007,366
2021-05-04T00:00:00.000Z,0.7,28.9,18.3,3.45,22,8.848,377
2021-05-05T00:00:00.000Z,0,6.6,1.3,0.75,2.04,1.022,340
2021-05-06T00:00:00.000Z,0,19.6,1.1,0.5,3,2.473,316
2021-05-07T00:00:00.000Z,0,8.8,3.1,1.7,4.7,2.106,319
2021-05-08T00:00:00.000Z,1.5,14.2,4.2,3.1,6.3,2.055,364
2021-05-09T00:00:00.000Z,3.3,19.1,7.7,6.2,11.4,4.061,364
2021-05-10T00:00:00.000Z,3.7,13,8.3,5.6,9.19,2.213,364
2021-05-11T00:00:00.000Z,0,9.4,2.2,1,4.09,2.248,336
2021-05-12T00:00:00.000Z,2.1,26.7,10.8,7.1,13.15,6.177,380
2021-05-13T00:00:00.000Z,6.3,43.9,16.1,9.9,20.9,5.876,371
2021-05-14T00:00:00.000Z,3.1,24.4,10.95,6.8,14,5.078,370
2021-05-15T00:00:00.000Z,4,22.8,8.69,6.3,11.6,4.956,367
2021-05-16T00:00:00.000Z,1.1,36.4,7.3,3.9,18.3,7.486,390
2021-05-17T00:00:00.000Z,1,32.4,6.2,2.8,18.14,9.416,348
2021-05-18T00:00:00.000Z,3.4,20.4,8.5,5.6,11.3,3.672,368
2021-05-19T00:00:00.000Z,2,12.1,4.5,3.6,5.6,1.97,371
2021-05-20T00:00:00.000Z,0.8,9.9,2.9,1.7,5.4,2.357,371
2021-05-21T00:00:00.000Z,0.5,34.2,4.7,2.2,6.3,3.031,355
2021-05-22T00:00:00.000Z,0,8,2.4,1.8,3.4,1.851,332
2021-05-23T00:00:00.000Z,0.2,22,1.5,1.1,2.4,1.511,361
2021-05-24T00:00:00.000Z,1.7,11.6,4.4,3.4,6,1.965,359
2021-05-25T00:00:00.000Z,1.7,11.9,8.3,6.95,9.1,1.951,385
2021-05-26T00:00:00.000Z,0.8,11.3,3.95,2.54,6.2,2.473,376
2021-05-27T00:00:00.000Z,0,39.3,4.8,2.5,8.4,4.181,347
2021-05-28T00:00:00.000Z,2.4,18.2,5,4,8.1,3.088,367
2021-05-29T00:00:00.000Z,8.2,30.7,13.5,10.9,15.3,2.878,367
2021-05-30T00:00:00.000Z,5.8,21.8,10.4,8.5,18.7,5.023,374
2021-05-31T00:00:00.000Z,5.8,31.9,10.8,9.3,15.2,4.532,372
2021-06-01T00:00:00.000Z,1,25.9,6.7,3.1,14.1,6.513,393
2021-06-02T00:00:00.000Z,2.4,25.3,9.9,7.5,11,5.082,368
2021-06-03T00:00:00.000Z,6.6,13.4,8.6,7.7,9.9,1.561,393
2021-06-04T00:00:00.000Z,7.8,19.9,15,13.3,15.9,2.474,375
2021-06-05T00:00:00.000Z,8.6,25.3,11.1,9.8,13.5,2.512,371
2021-06-06T00:00:00.000Z,7.8,24.9,10.5,9.5,13.7,2.438,393
2021-06-07T00:00:00.000Z,7.4,23.3,15,11.9,16.7,3.329,449
2021-06-08T00:00:00.000Z,4.2,24.2,7.1,5.3,13.1,5.586,428
2021-06-09T00:00:00.000Z,4.3,23.5,8.9,7.8,12.6,4.042,435
2021-06-10T00:00:00.000Z,6.3,33.3,11.6,8.6,17.7,8.117,407
2021-06-11T00:00:00.000Z,4.1,27.5,8.1,6.8,12.1,5.157,507
2021-06-12T00:00:00.000Z,1.2,13.5,3,2.4,4.2,2.35,548
2021-06-13T00:00:00.000Z,0,14.5,2.1,1.5,10,4.291,545
2021-06-14T00:00:00.000Z,0.5,22.6,5.8,3.7,7.8,4.424,570
2021-06-15T00:00:00.000Z,0,10.9,1.5,0.9,2,1.294,515
2021-06-16T00:00:00.000Z,2.3,6,3.7,3.3,4.1,0.595,554
2021-06-17T00:00:00.000Z,3.5,28.7,19,6.2,24.4,8.566,558
2021-06-18T00:00:00.000Z,19.9,48.1,35.4,32.29,38.8,6.12,578
2021-06-19T00:00:00.000Z,6.2,37.3,32.3,13.35,34.2,11.128,584
2021-06-20T00:00:00.000Z,0.8,47.4,13.3,10.7,19.2,11.231,565
2021-06-21T00:00:00.000Z,0.5,7.4,2.3,1.4,3.9,1.471,533
2021-06-22T00:00:00.000Z,2.3,11,5.5,4.4,6.4,1.611,569
2021-06-23T00:00:00.000Z,0,45.5,6.7,2.8,11.8,10.094,571
2021-06-24T00:00:00.000Z,1.9,79.2,9.5,4.9,34.2,19.217,562
2021-06-25T00:00:00.000Z,6,14.5,9.1,8,10.4,1.584,575
2021-06-26T00:00:00.000Z,3.4,16.3,10.6,7.7,12.4,3.011,574
2021-06-27T00:00:00.000Z,2.3,11.1,4.9,4.1,6.65,1.883,545
2021-06-28T00:00:00.000Z,0,11.1,3.1,1,5.5,2.905,495
2021-06-29T00:00:00.000Z,0.4,9.6,3.9,2.3,6.4,2.334,524
2021-06-30T00:00:00.000Z,2.6,47.5,13.5,10.8,15.4,5.054,587
2021-07-01T00:00:00.000Z,0.7,16.1,7.2,5.2,8.5,3.226,532
2021-07-02T00:00:00.000Z,3.8,82.2,12,6.6,16.5,6.28,576
2021-07-03T00:00:00.000Z,11.1,30.6,17.9,14.7,20.4,3.216,582
2021-07-04T00:00:00.000Z,4.1,34.4,13.1,10.1,25.5,8.747,579
2021-07-05T00:00:00.000Z,6.7,27.8,13.2,10.3,18.7,5.307,570
2021-07-06T00:00:00.000Z,0.9,33,4.59,3.2,5.85,2.834,561
2021-07-07T00:00:00.000Z,1.8,7,3.9,3.4,4.4,1.02,547
2021-07-08T00:00:00.000Z,2.8,10.9,6.4,4.7,8.3,1.974,526
2021-07-09T00:00:00.000Z,1.8,17.5,7.2,4.95,9.5,2.759,552
2021-07-10T00:00:00.000Z,1.4,18.1,5.85,4.7,7.9,2.98,552
2021-07-11T00:00:00.000Z,3,8.2,4.4,3.95,4.9,0.733,557
2021-07-12T00:00:00.000Z,5.4,61,10.1,8.5,11.3,6.565,558
2021-07-13T00:00:00.000Z,8.1,20.8,14.7,12.3,17,3.061,560
2021-07-14T00:00:00.000Z,18.1,40.1,29.65,25.5,33.3,5.128,582
2021-07-15T00:00:00.000Z,15,46.3,23.6,19.6,29.7,7.905,595
2021-07-16T00:00:00.000Z,11.8,27.2,20.1,18.6,23.1,3.365,579
2021-07-17T00:00:00.000Z,0.7,20.2,5.7,3.5,11.3,5.645,546
2021-07-18T00:00:00.000Z,1.1,10.3,3.6,2.7,4.4,1.774,545
2021-07-19T00:00:00.000Z,0.7,6.5,4.4,3.3,5.3,1.412,546
2021-07-20T00:00:00.000Z,0.6,10.9,4.3,1.9,5.4,2.487,531
2021-07-21T00:00:00.000Z,0,17.1,3.7,2.4,6.9,2.673,526
2021-07-22T00:00:00.000Z,5,18.5,7.5,6.5,8.8,1.771,547
2021-07-23T00:00:00.000Z,8.1,21.4,9.7,9.3,10.4,1.424,554
2021-07-24T00:00:00.000Z,8,16.1,11.2,10,13.1,1.969,541
2021-07-25T00:00:00.000Z,3.9,18.8,7.8,6.5,9.7,2.021,535
2021-07-26T00:00:00.000Z,5.8,38.7,25.9,9.7,29.3,9.659,535
2021-07-27T00:00:00.000Z,3.5,36,25.6,10.4,30.05,10.19,552
2021-07-28T00:00:00.000Z,4.4,24.2,10.25,7.7,15.8,5.103,550
2021-07-29T00:00:00.000Z,0,10.3,3.8,2,5.2,2.321,508
2021-07-30T00:00:00.000Z,1.9,8.6,4.2,3.4,4.8,0.918,519
2021-07-31T00:00:00.000Z,0.7,13.5,5.3,4.3,7.1,2.305,537
2021-08-01T00:00:00.000Z,0,3,1.1,0.5,1.5,0.645,491
2021-08-02T00:00:00.000Z,0,2.8,0.9,0.5,1.4,0.64,479
2021-08-03T00:00:00.000Z,0.4,9.5,1.5,1.14,2.1,1.389,504
2021-08-04T00:00:00.000Z,0.6,6.8,2.2,1.3,2.9,0.937,491
2021-08-05T00:00:00.000Z,2.5,40.9,3.6,3.2,4.4,2.576,525
2021-08-06T00:00:00.000Z,1.8,5.9,3.8,3.2,4.2,0.804,478
2021-08-07T00:00:00.000Z,2.3,14.4,4.6,3.8,5.5,2.556,496
2021-08-08T00:00:00.000Z,1.5,14,4.2,3.6,5,1.207,492
2021-08-09T00:00:00.000Z,1.4,8.9,5.1,4.3,6.9,1.547,493
2021-08-10T00:00:00.000Z,2.8,9.3,5.2,4.7,6.2,1.144,479
2021-08-11T00:00:00.000Z,1.4,40.5,4.2,3.2,4.8,7.811,501
2021-08-12T00:00:00.000Z,4.9,120,10.1,7.2,37.9,17.6,544
2021-08-13T00:00:00.000Z,3.1,23,8.5,6.4,11.3,4.279,537
2021-08-14T00:00:00.000Z,1.5,12.5,4.7,3.9,6,1.677,499
2021-08-15T00:00:00.000Z,0.7,6.4,2.7,1.9,3.4,1.002,498
2021-08-16T00:00:00.000Z,0,10.1,1.6,1.05,2.3,2.456,448
2021-08-17T00:00:00.000Z,0,6.6,1.9,1.05,2.8,1.466,512
2021-08-18T00:00:00.000Z,0.2,5.5,2.9,1.3,4.2,1.504,481
2021-08-19T00:00:00.000Z,0.1,2.7,1.1,0.8,1.4,0.449,489
2021-08-20T00:00:00.000Z,0,3.3,1,0.7,1.7,0.647,491
2021-08-21T00:00:00.000Z,0.5,7.3,2.4,1.6,3.3,1.357,500
2021-08-22T00:00:00.000Z,1.1,13.6,4.1,2.6,5.1,1.542,491
2021-08-23T00:00:00.000Z,0.4,9,2.8,2.2,3.5,1.317,487
2021-08-24T00:00:00.000Z,3,16.9,5.1,4.5,6.3,2.164,514
2021-08-25T00:00:00.000Z,0,9.3,3.5,1.9,6.1,2.391,436
2021-08-26T00:00:00.000Z,0,1.5,0.1,0,0.3,0.283,242
2021-08-27T00:00:00.000Z,0,13.4,3,1.2,6.4,3.265,479
2021-08-28T00:00:00.000Z,0,12,1.5,0.4,2.6,1.651,398
2021-08-29T00:00:00.000Z,0.2,32.9,16.6,12.4,18,6.032,487
2021-08-30T00:00:00.000Z,5.9,14.4,12.1,8.55,13,2.516,509
2021-08-31T00:00:00.000Z,5.2,13.1,9,6.65,10.6,2.039,517
2021-09-01T00:00:00.000Z,2.8,11.9,6.9,4.55,9.19,2.422,520
2021-09-02T00:00:00.000Z,0,21.8,8.9,3.1,12,6.052,522
2021-09-03T00:00:00.000Z,5.6,19.5,9.1,8.4,11.95,2.852,540
2021-09-04T00:00:00.000Z,0.4,16.9,3.1,2,4.8,2.44,515
2021-09-05T00:00:00.000Z,0,5.7,1.1,0.2,2.4,1.266,407
2021-09-06T00:00:00.000Z,0.3,32.7,3.3,1.7,8,3.975,422
2021-09-07T00:00:00.000Z,5.7,18,9.5,7.5,12.9,3.239,455
2021-09-08T00:00:00.000Z,8.5,42.4,18.1,15.4,25.1,8.358,588
2021-09-09T00:00:00.000Z,13.4,41.2,21.8,17.45,27.25,5.73,585
2021-09-10T00:00:00.000Z,21.4,69.3,35.54,26.3,40.7,11.293,590
2021-09-11T00:00:00.000Z,5.6,69.6,21.2,13.05,42.9,19.153,608
2021-09-12T00:00:00.000Z,0,30.3,4.09,1.3,13.3,10.217,583
2021-09-13T00:00:00.000Z,0,19.6,2.4,2,3,1.132,532
2021-09-14T00:00:00.000Z,0.6,26.3,2.7,1.7,3.15,1.926,553
2021-09-15T00:00:00.000Z,0,14,4.4,3.1,8.25,3.348,565
2021-09-16T00:00:00.000Z,0,39.1,4.6,3.5,8.05,8.215,581
2021-09-17T00:00:00.000Z,0,40.2,0.5,0.2,1.3,3.696,263
2021-09-18T00:00:00.000Z,1.7,9.4,4.2,3.3,5.6,1.36,588
2021-09-19T00:00:00.000Z,2.2,55.7,4.4,3.5,6.5,4.242,556
2021-09-20T00:00:00.000Z,5.8,105.7,8.2,7.6,9.9,5.633,589
2021-09-21T00:00:00.000Z,1.7,19.3,10.3,8.2,12.9,4.344,589
2021-09-22T00:00:00.000Z,2.1,13.6,4.5,3.6,6,2.651,539
2021-09-23T00:00:00.000Z,0,13.6,5.2,1.2,10,4.325,572
2021-09-24T00:00:00.000Z,0.2,13.4,1.8,0.8,4.34,3.347,541
2021-09-25T00:00:00.000Z,0.6,13.4,3,2.2,4,2.633,563
2021-09-26T00:00:00.000Z,1,35.3,2.8,2.1,4.2,2.763,570
2021-09-27T00:00:00.000Z,2,33.7,15.5,12,16.5,5.9,571
2021-09-28T00:00:00.000Z,0.2,43.3,2.2,1,3.3,12.096,523
2021-09-29T00:00:00.000Z,0.5,33.4,6.4,2.2,16.3,8.477,567
2021-09-30T00:00:00.000Z,0,9.1,1.7,0.8,2.6,1.379,504
2021-10-01T00:00:00.000Z,1.2,5.5,2.7,2.3,3.2,0.779,539
2021-10-02T00:00:00.000Z,3.4,22.1,10.2,5.8,15.8,5.319,574
2021-10-03T00:00:00.000Z,0,23.4,17.2,15.9,18.7,3.202,550
2021-10-04T00:00:00.000Z,0,11.8,5.4,2.75,6.8,2.742,497
2021-10-05T00:00:00.000Z,0,17,3.9,1.6,9.5,4.64,555
2021-10-06T00:00:00.000Z,3.4,24.9,10.7,6.55,15.2,5.051,572
2021-10-07T00:00:00.000Z,1.5,41.5,9.3,4.7,13.1,8.007,573
2021-10-08T00:00:00.000Z,5.9,36.3,18.1,15.1,21.6,6.688,583
2021-10-09T00:00:00.000Z,14.2,71.1,23.6,20.8,29.9,7.921,595
2021-10-10T00:00:00.000Z,14.2,33,21.9,20.3,24.2,2.821,559
2021-10-11T00:00:00.000Z,0,45.1,1.2,0.7,8,15.252,535
2021-10-12T00:00:00.000Z,0,14.9,0.2,0.1,0.7,1.355,334
2021-10-13T00:00:00.000Z,0,14.7,1.5,0.6,4.7,3.13,501
2021-10-14T00:00:00.000Z,0,7.5,2.7,1.2,4.4,1.982,498
2021-10-15T00:00:00.000Z,0,39.7,1.7,0.9,3.9,3.378,482
2021-10-16T00:00:00.000Z,0,6.9,2.4,1.1,3.2,1.298,533
2021-10-17T00:00:00.000Z,0,28.3,4.4,1.4,5.7,4.164,534
2021-10-18T00:00:00.000Z,0.4,58.5,2.6,1.6,4.05,5.01,560
2021-10-19T00:00:00.000Z,1.3,48.1,25.2,19.75,31.05,11.126,608
2021-10-20T00:00:00.000Z,0.3,34,11.4,6.1,18.5,7.416,590
2021-10-21T00:00:00.000Z,0,6.8,1.4,0.8,2.5,1.577,553
2021-10-22T00:00:00.000Z,0,10.5,0.7,0.3,1.3,0.787,535
2021-10-23T00:00:00.000Z,0,30.8,1.45,1,6.3,5.177,568
2021-10-24T00:00:00.000Z,1.3,12.1,3.4,2.5,5.7,1.929,549
2021-10-25T00:00:00.000Z,4.1,37.5,17.2,10.1,28.3,10.006,596
2021-10-26T00:00:00.000Z,0,32.6,9.5,5,26.9,11.398,575
2021-10-27T00:00:00.000Z,2.4,23,5.1,4,10.1,4.864,571
2021-10-28T00:00:00.000Z,4.6,27.5,16.7,8.1,19.9,6.07,570
2021-10-29T00:00:00.000Z,11.6,46.4,23.4,20.6,30.7,6.935,603
2021-10-30T00:00:00.000Z,25.4,68.2,43,32.95,49.8,8.824,588
2021-10-31T00:00:00.000Z,9.7,55.5,31.9,17.39,42.3,14.07,623
2021-11-01T00:00:00.000Z,0.3,42.8,7.1,4.59,30.55,14.346,573
2021-11-02T00:00:00.000Z,3.8,214.1,13.9,9.94,27.1,17.159,592
2021-11-03T00:00:00.000Z,4.5,104.1,19.6,14.9,23.7,11.738,603
2021-11-04T00:00:00.000Z,4.3,182.6,17.1,7.45,27.1,17.982,581
2021-11-05T00:00:00.000Z,0,16.1,1.8,0.9,2.5,1.478,543
2021-11-06T00:00:00.000Z,0.6,25.4,3,2,12.9,7.415,553
2021-11-07T00:00:00.000Z,0,17.7,2.1,1.3,6.2,4.436,538
2021-11-08T00:00:00.000Z,0,36,1.3,0.3,2.6,5.002,359
2021-11-09T00:00:00.000Z,0.1,22.2,4.95,1.7,17.55,7.658,576
2021-11-10T00:00:00.000Z,13.2,39.8,20.3,18.35,25.9,5.52,585
2021-11-11T00:00:00.000Z,0.5,34.4,3.9,2.4,6.3,10.42,544
2021-11-12T00:00:00.000Z,2.5,17.2,5.7,4.3,8,2.7,558
2021-11-13T00:00:00.000Z,9.4,144.9,37.2,22.45,44.9,18.034,576
2021-11-14T00:00:00.000Z,4.1,75.8,12.3,7,22.1,9.731,579
2021-11-15T00:00:00.000Z,5.7,94.8,21.55,10.19,28,10.044,572
2021-11-16T00:00:00.000Z,8.2,64.2,26.7,19.85,36.3,9.948,588
2021-11-17T00:00:00.000Z,1.5,36.2,13.6,6.7,18.1,8.425,609
2021-11-18T00:00:00.000Z,0.2,10.1,1.8,1.1,3.2,1.367,553
2021-11-19T00:00:00.000Z,0.1,8.6,3.4,2.4,4.2,1.412,561
2021-11-20T00:00:00.000Z,0,7.2,2.6,1.7,3.5,1.313,550
2021-11-21T00:00:00.000Z,0,30.1,0.4,0.1,0.9,2.849,442
2021-11-22T00:00:00.000Z,0,47.4,3,1.2,6.5,6.87,517
2021-11-23T00:00:00.000Z,0.3,18.9,2.1,1.5,4.4,3.139,551
2021-11-24T00:00:00.000Z,0,23,1,0.3,4.6,4.166,538
2021-11-25T00:00:00.000Z,0,26.5,4.4,1.5,18.4,8.299,559
2021-11-26T00:00:00.000Z,0,31.6,1.8,1.1,3.1,2.57,544
2021-11-27T00:00:00.000Z,0,84.4,2.1,1.1,4.3,6.909,541
2021-11-28T00:00:00.000Z,0.1,73.5,1.8,1.1,2.9,9.203,527
2021-11-29T00:00:00.000Z,0,81.7,2,0.9,12.1,11.425,548
2021-11-30T00:00:00.000Z,0,33.6,4.8,1.7,7.6,5.922,539
2021-12-01T00:00:00.000Z,0,77.2,3,1.4,6.6,8.697,471
2021-12-02T00:00:00.000Z,0,78.9,0.9,0.4,4.3,10.939,519
2021-12-03T00:00:00.000Z,0,24,1.5,0.6,4.9,3.792,250
2021-12-04T00:00:00.000Z,0.1,69.9,3.4,1.7,6.4,8.845,515
2021-12-05T00:00:00.000Z,0.2,109.3,2,1.1,4,8.569,559
2021-12-06T00:00:00.000Z,0.8,141.9,3.3,1.8,5.9,18.178,548
2021-12-07T00:00:00.000Z,1.4,29.6,7.4,3.1,12.45,5.222,560
2021-12-08T00:00:00.000Z,14.3,37.9,30.8,28.15,32.75,5.339,613
2021-12-09T00:00:00.000Z,25.6,83.2,44.8,34.9,49.8,8.651,595
2021-12-10T00:00:00.000Z,8.2,145.5,30.1,19,42.4,14.554,611
2021-12-11T00:00:00.000Z,7.6,64.2,20,16.89,26.9,7.541,617
2021-12-12T00:00:00.000Z,7.8,34,16.6,10.9,19.1,5.057,578
2021-12-13T00:00:00.000Z,6,392.3,14.5,10.9,21.5,17.142,603
2021-12-14T00:00:00.000Z,0.2,22.8,8.4,4.1,15.9,6.224,561
2021-12-15T00:00:00.000Z,3.1,20.6,8.6,7.2,12.9,3.725,591
2021-12-16T00:00:00.000Z,1.9,13.3,4.5,3.9,5.3,1.517,589
2021-12-17T00:00:00.000Z,1.5,21.4,5.7,4.4,7.2,2.371,586
2021-12-18T00:00:00.000Z,0,25.6,4.3,1.4,6.5,3.53,542
2021-12-19T00:00:00.000Z,0,12.2,1.2,0.2,2,1.481,522
2021-12-20T00:00:00.000Z,0,85.7,1.6,0.3,27.3,18.717,548
2021-12-21T00:00:00.000Z,1.4,81.6,6.2,3.2,8.6,7.678,605
2021-12-22T00:00:00.000Z,13.4,70.1,34.4,28.3,40.5,8.49,607
2021-12-23T00:00:00.000Z,12,41.5,30.9,23.2,36.75,7.609,560
2021-12-24T00:00:00.000Z,0,35.5,9.7,0.4,18.2,10.177,446
2021-12-25T00:00:00.000Z,0,27.8,7,1,13.9,7.097,537
2021-12-26T00:00:00.000Z,6.5,131.7,15.8,11.6,24.8,14.36,607
2021-12-27T00:00:00.000Z,1.4,55.1,11,5.2,17.4,9.89,594
2021-12-28T00:00:00.000Z,41.9,73.7,57.9,52.7,65.7,8.09,611
2021-12-29T00:00:00.000Z,32.2,170.2,70.8,65.9,76.3,10.919,605
2021-12-30T00:00:00.000Z,8.1,44.2,17.1,14.6,20.1,6.443,581
2021-12-31T00:00:00.000Z,0,335.2,8.7,3.3,13.5,24.62,566
2022-01-01T00:00:00.000Z,7,199.3,18.1,16.3,20.9,11.861,581
2022-01-02T00:00:00.000Z,1.1,33.1,23.5,7.8,27.8,9.924,590
2022-01-03T00:00:00.000Z,1.5,6.9,4.2,3.6,4.8,0.892,567
2022-01-04T00:00:00.000Z,0,28.2,1.8,1,3.2,3.322,548
2022-01-05T00:00:00.000Z,0,11,1.1,0.7,1.7,1.412,531
2022-01-06T00:00:00.000Z,0,25.3,3.9,0.4,9.75,5.492,556
2022-01-07T00:00:00.000Z,7.5,39.8,28.55,22.2,32.4,7.153,600
2022-01-08T00:00:00.000Z,1,34.6,13.4,5.8,19.6,8.794,571
2022-01-09T00:00:00.000Z,11.1,52.5,19.39,13.2,34,10.476,581
2022-01-10T00:00:00.000Z,16.8,83.4,35.6,21.7,48.15,14.317,600
2022-01-11T00:00:00.000Z,11.9,60.1,40.4,27.5,52.2,13.764,611
2022-01-12T00:00:00.000Z,4,50.1,10.3,7.8,16.39,9.396,580
2022-01-13T00:00:00.000Z,1.2,11.9,3.6,2.9,4.9,2.027,575
2022-01-14T00:00:00.000Z,0.9,40.6,3.6,2.6,8.8,6.623,561
2022-01-15T00:00:00.000Z,3.4,34.3,11.2,8.9,14.9,4.844,587
2022-01-16T00:00:00.000Z,1.5,51.3,23.05,4.5,26.3,11.767,576
2022-01-17T00:00:00.000Z,0.3,18.7,1.8,1.2,2.7,2.314,583
2022-01-18T00:00:00.000Z,1.9,23.1,7.6,4.8,9.8,3.578,582
2022-01-19T00:00:00.000Z,0,43.2,29.1,16,36.6,13.814,592
2022-01-20T00:00:00.000Z,0,12.8,0.35,0.2,0.55,0.88,504
2022-01-21T00:00:00.000Z,0,16.5,1.3,0.5,2.8,2.547,536
2022-01-22T00:00:00.000Z,0,39.3,4.75,1.5,13.95,10.678,584
2022-01-23T00:00:00.000Z,1.8,25.2,5.75,3.7,10.1,4.219,552
2022-01-24T00:00:00.000Z,1.8,22.9,7.1,4.1,14,5.313,589
2022-01-25T00:00:00.000Z,0.2,37.2,6.1,2.5,11.4,5.998,585
2022-01-26T00:00:00.000Z,1.4,14.2,7.1,5.6,9.7,2.981,588
2022-01-27T00:00:00.000Z,0.9,13.6,3.4,2.3,5.6,2.742,575
2022-01-28T00:00:00.000Z,0,14.1,1.6,0.4,5.1,3.523,488
2022-01-29T00:00:00.000Z,2.2,15.8,5.9,4.7,8.8,2.709,581
2022-01-30T00:00:00.000Z,0.8,14.5,2.7,2.1,3.7,1.568,570
2022-01-31T00:00:00.000Z,0,82.7,4.5,2.5,9,9.872,591
2022-02-01T00:00:00.000Z,0,18.4,2.6,1.4,5.5,2.568,525
2022-02-02T00:00:00.000Z,0.3,45,2.6,1.5,4.4,4.706,576
2022-02-03T00:00:00.000Z,1.6,31.8,8.3,3.75,24.2,10,601
2022-02-04T00:00:00.000Z,0,38.1,16.4,2.6,23.5,11.444,606
2022-02-05T00:00:00.000Z,0.2,8.3,2.3,1.6,3.1,1.286,578
2022-02-06T00:00:00.000Z,0,33.3,2.1,1.2,3.3,2.91,586
2022-02-07T00:00:00.000Z,0.3,9.4,3,1.3,3.8,1.533,564
2022-02-08T00:00:00.000Z,0.5,14.2,3,2.1,3.7,1.62,552
2022-02-09T00:00:00.000Z,1.6,12.1,3.2,2.8,3.7,0.948,568
2022-02-10T00:00:00.000Z,0.6,11.4,2.6,2.2,3.3,1.113,577
2022-02-11T00:00:00.000Z,0.1,10.4,2.6,1.5,4.1,2.291,559
2022-02-12T00:00:00.000Z,0.9,8.9,3,1.9,6.1,2.362,563
2022-02-13T00:00:00.000Z,4,22.2,14.1,8.5,15.3,4.11,566
2022-02-14T00:00:00.000Z,5.4,16.8,11.6,9.25,14.3,3.091,593
2022-02-15T00:00:00.000Z,0.1,22.6,3.5,1.8,12.4,7.017,592
2022-02-16T00:00:00.000Z,0,23.2,5.45,3.2,7.4,4.396,588
2022-02-17T00:00:00.000Z,0,4.7,0.9,0.3,1.4,0.74,505
2022-02-18T00:00:00.000Z,0,13.7,2.7,1.9,3.5,1.659,545
2022-02-19T00:00:00.000Z,0,7.7,1.2,0.8,1.7,1.062,534
2022-02-20T00:00:00.000Z,0,9.6,1.4,0.8,2.5,1.829,546
2022-02-21T00:00:00.000Z,0,22.6,1.7,0.7,2.7,1.676,551
2022-02-22T00:00:00.000Z,0.2,8.6,1.8,0.8,3.6,1.613,559
2022-02-23T00:00:00.000Z,1.4,7.1,3.1,2.6,3.6,0.892,572
2022-02-24T00:00:00.000Z,0,21.3,6.3,5.2,7.7,3.444,577
2022-02-25T00:00:00.000Z,0.3,8.9,1.4,1,2.4,1.65,573
2022-02-26T00:00:00.000Z,0.1,31,3.3,1,5.09,3.578,555
2022-02-27T00:00:00.000Z,0,27.4,4.9,2.3,12.85,6.257,573
2022-02-28T00:00:00.000Z,0.6,18.7,7.8,4.59,10.19,4.094,573
2022-03-01T00:00:00.000Z,12.1,68.1,25.4,18.5,36.79,13.344,602
2022-03-02T00:00:00.000Z,3.6,53.5,14.05,8.5,18.8,12.459,598
2022-03-03T00:00:00.000Z,0,35.6,2.6,1.2,4.8,3.6,566
2022-03-04T00:00:00.000Z,0,63.6,2.1,0.9,6.7,6.547,531
2022-03-05T00:00:00.000Z,0,78.6,4.3,2.35,12.85,12.556,585
2022-03-06T00:00:00.000Z,0.2,28.4,10,3.95,14.1,5.893,584
2022-03-07T00:00:00.000Z,0,52.4,1.8,0.7,5.8,9.934,533
2022-03-08T00:00:00.000Z,5.4,43.3,14.5,10.8,22.1,7.016,599
2022-03-09T00:00:00.000Z,4.2,121.4,18.5,14.3,21.5,10.099,605
2022-03-10T00:00:00.000Z,4.7,41.7,17.5,10.3,24.9,9.177,599
2022-03-11T00:00:00.000Z,9.3,26.8,14.5,12.5,21.5,4.615,591
2022-03-12T00:00:00.000Z,12,37.9,17.5,15,21.6,3.827,604
2022-03-13T00:00:00.000Z,15,70.4,29.1,24.8,32.7,6.779,591
2022-03-14T00:00:00.000Z,33.8,135.7,55.2,46.8,58.9,11.202,598
2022-03-15T00:00:00.000Z,11.4,143.6,58.4,21.3,66.5,29.372,614
2022-03-16T00:00:00.000Z,4,109.6,20.8,10.2,48.9,24.919,627
2022-03-17T00:00:00.000Z,2.6,102.3,50.2,32.1,76.8,31.14,607
2022-03-18T00:00:00.000Z,1.1,30.4,3.8,2.3,7.7,4.371,537
2022-03-19T00:00:00.000Z,0.1,95.6,2.9,1.5,5.8,6.973,564
2022-03-20T00:00:00.000Z,14.2,49.5,31.9,21.3,34.6,7.536,600
2022-03-21T00:00:00.000Z,22.9,54,37.29,33.7,41.05,5.865,573
2022-03-22T00:00:00.000Z,28.7,92,53.1,41,59.7,11.695,614
2022-03-23T00:00:00.000Z,31.1,123.5,55.85,41.05,72.4,22.363,600
2022-03-24T00:00:00.000Z,30.5,84.7,57.8,46.15,63.95,12.857,605
2022-03-25T00:00:00.000Z,5,63.5,28.4,13.2,45.3,17.313,585
2022-03-26T00:00:00.000Z,0,29.3,3.5,1.2,7.05,7.52,548
2022-03-27T00:00:00.000Z,0.6,36.3,2.9,2.2,3.8,2.616,544
2022-03-28T00:00:00.000Z,2.1,29.4,14.2,5.2,21.35,7.884,577
2022-03-29T00:00:00.000Z,0,35.4,2.2,1,4.25,3.015,552
2022-03-30T00:00:00.000Z,0.6,81.7,2.3,1.4,5.55,8.061,564
2022-03-31T00:00:00.000Z,0.1,19,2.4,1.1,6.3,3.229,553
2022-04-01T00:00:00.000Z,0,144.4,1.8,1.3,3.5,9.494,552
2022-04-02T00:00:00.000Z,0,32.6,1.8,0.8,4.4,4.763,553
2022-04-03T00:00:00.000Z,0,17.3,2.8,1.7,5.7,3.652,554
2022-04-04T00:00:00.000Z,0,10.8,3.5,2.5,5.8,2.557,571
2022-04-05T00:00:00.000Z,0,6.6,2.29,0.7,2.7,1.197,520
2022-04-06T00:00:00.000Z,0.3,15.8,5.75,3.3,8.25,2.963,576
2022-04-07T00:00:00.000Z,0,15,3.6,2.3,5.4,3.005,578
2022-04-08T00:00:00.000Z,0,8.3,0.9,0.6,1.5,1.367,529
2022-04-09T00:00:00.000Z,1,6,2.2,1.8,2.7,0.653,521
2022-04-10T00:00:00.000Z,0.4,15.9,1.7,1.2,2.7,1.344,537
2022-04-11T00:00:00.000Z,0.6,31.1,2.5,1.6,3.3,6.019,558
2022-04-12T00:00:00.000Z,0.1,44.3,2.4,1.7,3.2,2.431,559
2022-04-13T00:00:00.000Z,2.9,74.5,28.7,17.2,37.79,18.459,603
2022-04-14T00:00:00.000Z,7.3,71.4,21.4,16.3,31.2,16.027,584
2022-04-15T00:00:00.000Z,3.3,84.3,8.1,5.5,12.9,7.701,594
2022-04-16T00:00:00.000Z,0,24.2,6.6,1.75,12.5,6.346,597
2022-04-17T00:00:00.000Z,7.3,32.5,11.7,9.6,17.14,4.775,585
2022-04-18T00:00:00.000Z,2.2,218,8.94,5.9,18.39,14.046,590
2022-04-19T00:00:00.000Z,0.9,65.8,5,2.1,12.1,13.682,564
2022-04-20T00:00:00.000Z,2.1,26.2,4.9,3.5,6.85,2.993,581
2022-04-21T00:00:00.000Z,1.3,9.2,3.7,2.9,4.59,1.275,554
2022-04-22T00:00:00.000Z,1.3,10,3,2.4,4.2,1.681,565
2022-04-23T00:00:00.000Z,0.6,16.2,7,3.5,8.8,3.139,573
2022-04-24T00:00:00.000Z,2.6,59.1,4.2,3.5,4.7,3.126,554
2022-04-25T00:00:00.000Z,2.5,71,4.09,3.6,5,4.212,571
2022-04-26T00:00:00.000Z,2.7,46.9,9.3,6.8,11.9,6.581,583
2022-04-27T00:00:00.000Z,1.4,54.8,17.3,9.6,22.7,8.684,594
2022-04-28T00:00:00.000Z,0,24.7,4.3,2.7,11.2,6.573,571
2022-04-29T00:00:00.000Z,3.4,15.8,7.6,5.4,9.2,2.632,590
2022-04-30T00:00:00.000Z,4,33.6,15.15,8.1,19.2,7.173,564
2022-05-01T00:00:00.000Z,0.7,33.2,8.6,3.9,25.4,10.715,569
2022-05-02T00:00:00.000Z,0,20.4,5,2.29,12.9,5.967,567
2022-05-03T00:00:00.000Z,0.1,21.9,6.5,1.65,7.9,4.646,573
2022-05-04T00:00:00.000Z,0.1,41,7,5.4,11.9,7.433,575
2022-05-05T00:00:00.000Z,1.2,31.6,8.6,3.4,13.9,9.065,568
2022-05-06T00:00:00.000Z,0.1,37,4.6,2,20.8,11.176,567
2022-05-07T00:00:00.000Z,1.5,37.2,4.1,2.8,14.1,10.342,577
2022-05-08T00:00:00.000Z,0.4,10.2,3.1,1.4,3.8,1.95,568
2022-05-09T00:00:00.000Z,0.4,18.2,2,1.3,6.1,4.876,574
2022-05-10T00:00:00.000Z,1.9,30.4,12.25,6.75,19.35,7.327,572
2022-05-11T00:00:00.000Z,1.3,26.2,8.19,3.6,18.1,7.747,581
2022-05-12T00:00:00.000Z,0,8.8,2.5,1.2,4,2.151,552
2022-05-13T00:00:00.000Z,0.7,14.9,6.6,4.4,8.75,3.31,572
2022-05-14T00:00:00.000Z,0,11.2,1.5,0.9,6.3,3.115,552
2022-05-15T00:00:00.000Z,1.7,20.3,4.4,3.3,5.8,1.744,567
2022-05-16T00:00:00.000Z,0,36.6,3.7,1.8,4.7,2.662,558
2022-05-17T00:00:00.000Z,0,27.8,1.1,0.5,5.65,6.657,500
2022-05-18T00:00:00.000Z,0.5,5.1,2.4,1.6,3.4,1.031,559
2022-05-19T00:00:00.000Z,4.1,69.4,28.45,20.9,54.2,19.318,606
2022-05-20T00:00:00.000Z,3,65.1,8.3,6.3,33,16.701,602
2022-05-21T00:00:00.000Z,0,11.4,1.4,0.5,3.3,2.937,527
2022-05-22T00:00:00.000Z,0.4,15.9,2.1,1.4,4.9,2.293,533
2022-05-23T00:00:00.000Z,0.5,108.8,2.8,1.5,4.7,6.748,574
2022-05-24T00:00:00.000Z,2.2,28.4,7.9,6.8,11.1,5.144,586
2022-05-25T00:00:00.000Z,0,7.9,3.35,1.4,4.2,1.613,556
2022-05-26T00:00:00.000Z,0,13,1.2,0.5,2.6,3.184,534
2022-05-27T00:00:00.000Z,0,2.9,1.7,0.5,2.1,0.837,78
2022-05-28T00:00:00.000Z,0,10.3,0.8,0.2,2,2.282,289
2022-05-29T00:00:00.000Z,0,9.3,3.4,2.1,6.2,2.472,586
2022-05-30T00:00:00.000Z,2.7,12.3,5.7,4.5,6.8,1.745,615
2022-05-31T00:00:00.000Z,1.5,15,6.45,4.2,9.3,3.322,616
2022-06-01T00:00:00.000Z,0.6,17.3,4.5,2,9.3,4.863,600
2022-06-02T00:00:00.000Z,3.4,14.8,7,5.8,10.19,2.737,622
2022-06-03T00:00:00.000Z,6.2,16.7,10.7,8.6,12.8,2.461,639
2022-06-04T00:00:00.000Z,4.5,30,7.4,6.1,10.65,3.239,581
2022-06-05T00:00:00.000Z,1.6,26.8,7.05,4.6,10.3,4.176,628
2022-06-06T00:00:00.000Z,4.7,37.5,15.4,7,29.6,10.801,621
2022-06-07T00:00:00.000Z,0,36,3.4,1.7,7,5.783,583
2022-06-08T00:00:00.000Z,3.2,16.2,6.8,5.4,8.9,2.807,591
2022-06-09T00:00:00.000Z,1.3,25.8,12.7,9.6,18.39,6.367,634
2022-06-10T00:00:00.000Z,2.6,12.6,5.1,4.3,6.8,2.117,616
2022-06-11T00:00:00.000Z,1.7,15,5.7,3.75,9.05,3.337,600
2022-06-12T00:00:00.000Z,1.8,6.3,4.3,3.6,4.8,0.865,365
2022-06-13T00:00:00.000Z,0,7.1,2.2,1.5,3,1.309,589
2022-06-14T00:00:00.000Z,0.3,7.4,2,1.35,3,1.105,593
2022-06-15T00:00:00.000Z,0.3,9.8,2.9,2,4.59,2.083,585
2022-06-16T00:00:00.000Z,1.6,10.5,3.3,2.9,4.3,1.489,579
2022-06-17T00:00:00.000Z,1.9,18,11.4,6,13.7,4.241,547
2022-06-18T00:00:00.000Z,0.8,22.4,6.1,2.8,17.35,7.121,628
2022-06-19T00:00:00.000Z,0.4,15.8,1.4,1,1.8,0.97,563
2022-06-20T00:00:00.000Z,0.2,19.8,2.3,1.3,3.6,2.471,606
2022-06-21T00:00:00.000Z,1.3,10.6,4.9,3.4,5.9,2.124,583
2022-06-22T00:00:00.000Z,0,33.4,4.4,1.4,8.3,4.376,584
2022-06-23T00:00:00.000Z,4.5,75.1,10.4,8.3,18.45,9.435,612
2022-06-24T00:00:00.000Z,3.3,36.5,16.3,12.4,18.8,7.668,632
2022-06-25T00:00:00.000Z,13.5,33.8,21.2,16.4,24.4,5.322,634
2022-06-26T00:00:00.000Z,17.3,45.2,27.3,24.8,31.9,5.097,623
2022-06-27T00:00:00.000Z,0,46,29.4,19.75,32.45,13.213,608
2022-06-28T00:00:00.000Z,0.1,10.1,4.9,4.09,5.5,1.921,601
2022-06-29T00:00:00.000Z,1.5,11.3,4.59,3.5,7.1,2.486,604
2022-06-30T00:00:00.000Z,2.6,38.2,5.05,4.59,6.25,2.455,600
2022-07-01T00:00:00.000Z,0,20.4,9.19,4.2,13.3,5.638,591
2022-07-02T00:00:00.000Z,0.7,6.7,2.5,2,3.1,1.05,576
2022-07-03T00:00:00.000Z,2.7,42.5,11.6,6.5,15.7,6.255,622
2022-07-04T00:00:00.000Z,0.2,8.9,2.29,1.2,5.5,2.37,584
2022-07-05T00:00:00.000Z,0,3.2,1,0.5,1.3,0.545,551
2022-07-06T00:00:00.000Z,0,2.4,0.3,0.1,0.6,0.452,524
2022-07-07T00:00:00.000Z,0,2.2,0.7,0.2,1.3,0.609,236
2022-07-08T00:00:00.000Z,0,4.8,2.29,1.1,3.5,1.38,532
2022-07-09T00:00:00.000Z,0,2,0.85,0.5,1.2,0.459,550
2022-07-10T00:00:00.000Z,0,3.3,0.6,0.1,1.6,0.76,241
2022-07-11T00:00:00.000Z,0,1.8,0.6,0.1,1,0.511,383
2022-07-12T00:00:00.000Z,0,7.6,1.5,0.5,2.6,1.388,563
2022-07-13T00:00:00.000Z,0,20.4,5.9,2.2,14.6,6.331,615
2022-07-14T00:00:00.000Z,0,4.4,0.2,0.1,0.4,0.329,506
2022-07-15T00:00:00.000Z,0,2.2,0.7,0.2,1.2,0.554,512
2022-07-16T00:00:00.000Z,0,1.1,0.2,0.1,0.45,0.246,477
2022-07-17T00:00:00.000Z,0,6.1,2.3,1.1,3.3,1.412,594
2022-07-18T00:00:00.000Z,4,15.5,9.8,6.3,10.8,2.47,620
2022-07-19T00:00:00.000Z,7.3,20.5,12.5,11.15,14.2,2.923,629
2022-07-20T00:00:00.000Z,11,26,14,12.5,18,3.704,612
2022-07-21T00:00:00.000Z,15.9,37.4,28.2,26.6,31.1,4.215,629
2022-07-22T00:00:00.000Z,1.8,17,5.2,4.4,6.3,2.657,613
2022-07-23T00:00:00.000Z,0,11.7,4.6,2.6,6.8,2.762,575
2022-07-24T00:00:00.000Z,1.9,12.6,4.6,3.4,6.7,2.24,584
2022-07-25T00:00:00.000Z,4.6,25,8.3,7.4,11,6.015,604
2022-07-26T00:00:00.000Z,0,7.8,0.2,0.1,5.5,2.801,422
2022-07-27T00:00:00.000Z,0,2.4,0.8,0.4,1.2,0.506,547
2022-07-28T00:00:00.000Z,0.1,4.4,1.7,0.8,2.7,1.139,574
2022-07-29T00:00:00.000Z,1.3,38.3,4.1,3.4,5.45,3.103,608
2022-07-30T00:00:00.000Z,0.1,8.2,1.8,1,2.8,1.755,597
2022-07-31T00:00:00.000Z,0.4,13.9,2.2,1.5,3.9,2.904,601
2022-08-01T00:00:00.000Z,0.3,20.6,3.2,1.3,12.45,6.554,525
2022-08-02T00:00:00.000Z,0,5.2,1.6,1,2.1,0.959,561
2022-08-03T00:00:00.000Z,3.1,19.1,5.8,5,6.9,2.129,610
2022-08-04T00:00:00.000Z,1.8,12.8,6.6,5.1,8.6,2.288,629
2022-08-05T00:00:00.000Z,0,8.4,0.7,0.4,2.29,1.987,560
2022-08-06T00:00:00.000Z,0,3.2,0.3,0.1,0.8,0.787,507
2022-08-07T00:00:00.000Z,0.7,13,6.2,4.1,7.5,2.827,628
2022-08-08T00:00:00.000Z,1.1,11,5.8,3.7,8.9,2.649,632
2022-08-09T00:00:00.000Z,0.2,18.6,3.6,2.2,7.9,3.109,611
2022-08-10T00:00:00.000Z,1.7,21,4.1,3.4,5,2.92,598
2022-08-11T00:00:00.000Z,3.2,11,5.3,4.4,6.5,1.561,619
2022-08-12T00:00:00.000Z,1.3,12,5,3.9,6,1.606,595
2022-08-13T00:00:00.000Z,3.4,31.9,7.3,5.6,9.6,5.789,612
2022-08-14T00:00:00.000Z,5,29.9,9,7.3,13.25,5.453,625
2022-08-15T00:00:00.000Z,10.8,30.8,21,15.15,24.4,5.814,609
2022-08-16T00:00:00.000Z,11.5,31.7,22.3,19.6,26.8,4.66,624
2022-08-17T00:00:00.000Z,17.7,45.7,23.4,20.6,31.95,7.527,617
2022-08-18T00:00:00.000Z,14.5,29.3,23.6,22.2,25.1,2.969,646
2022-08-19T00:00:00.000Z,13.2,36.3,31.6,24,33.5,6.364,641
2022-08-20T00:00:00.000Z,0.6,32.4,4.6,1.7,20.14,11.075,621
2022-08-21T00:00:00.000Z,1.1,7.7,3.5,2.4,4.59,1.337,611
2022-08-22T00:00:00.000Z,0.8,9.8,2.8,2.29,3.6,1.126,609
2022-08-23T00:00:00.000Z,1.1,12.3,3.4,2.5,5.1,2.029,621
2022-08-24T00:00:00.000Z,0.1,10.1,3.4,2.5,4.5,1.86,597
2022-08-25T00:00:00.000Z,2,9.1,4.2,3.1,5.9,1.738,607
2022-08-26T00:00:00.000Z,7.1,18.4,9.15,8.4,10.6,2.183,642
2022-08-27T00:00:00.000Z,2.7,24,11.4,8.19,15.7,5.055,646
2022-08-28T00:00:00.000Z,0,23.6,8.19,1.05,14.1,7.199,589
2022-08-29T00:00:00.000Z,0,49,0.55,0.3,0.8,3.406,462
2022-08-30T00:00:00.000Z,0,34.8,0.3,0.1,1.2,2.772,292
2022-08-31T00:00:00.000Z,0,2.7,0.6,0.4,0.9,0.39,553
2022-09-01T00:00:00.000Z,0,4.7,0.8,0.3,1.5,1.069,558
2022-09-02T00:00:00.000Z,0,18.5,1.1,0.4,2.8,2.329,579
2022-09-03T00:00:00.000Z,0,9.2,0.3,0.1,0.5,0.948,531
2022-09-04T00:00:00.000Z,0,8.5,0.2,0.1,0.4,0.937,451
2022-09-05T00:00:00.000Z,0,1.4,0.2,0.1,0.3,0.243,316
2022-09-06T00:00:00.000Z,0,38,0.2,0.1,0.4,3.164,458
2022-09-07T00:00:00.000Z,0.1,20.3,2.2,1.4,2.8,1.855,599
2022-09-08T00:00:00.000Z,0,21.8,1.6,0.9,2.5,2.375,588
2022-09-09T00:00:00.000Z,5.4,27.2,9,7,14.2,4.208,627
2022-09-10T00:00:00.000Z,0.4,57.2,6.3,2,14,7.097,596
2022-09-11T00:00:00.000Z,0,7.9,2.4,0.9,3.7,2.057,551
2022-09-12T00:00:00.000Z,2.5,15.1,5.2,4.1,7.8,2.762,559
2022-09-13T00:00:00.000Z,0,20.9,0.5,0.2,7.65,5.615,489
2022-09-14T00:00:00.000Z,0,2.8,0.3,0.2,0.7,0.482,546
2022-09-15T00:00:00.000Z,0,1.4,0.2,0.1,0.3,0.188,474
2022-09-16T00:00:00.000Z,0,2,0.2,0.1,0.5,0.339,333
2022-09-17T00:00:00.000Z,0,20,0.4,0.1,0.9,2.859,269
2022-09-18T00:00:00.000Z,0,7.3,0.9,0.2,1.8,1.373,404
2022-09-19T00:00:00.000Z,0,1.9,0.2,0.1,0.3,0.309,266
2022-09-20T00:00:00.000Z,0,8.9,0.6,0.1,2,1.574,336
2022-09-21T00:00:00.000Z,0,10.7,0.8,0.3,1.8,2.24,379
2022-09-22T00:00:00.000Z,0,6,1.4,0.6,4.3,1.872,547
2022-09-23T00:00:00.000Z,1.1,11.2,4.6,2.6,6.1,2.237,607
2022-09-24T00:00:00.000Z,7.3,31.1,12.4,10.7,18.45,6.56,645
2022-09-25T00:00:00.000Z,4.8,44.6,22.9,15.8,33.4,10.811,658
2022-09-26T00:00:00.000Z,0.6,9.1,3.3,2.1,5.9,2.302,597
2022-09-27T00:00:00.000Z,1.3,14.5,4.8,3.5,7,2.263,606
2022-09-28T00:00:00.000Z,0,31.1,2.3,1.1,3.5,2.476,598
2022-09-29T00:00:00.000Z,0,73.4,3,1.3,4,8.594,576
2022-09-30T00:00:00.000Z,2.7,124,7.2,5.5,10,6.424,632
2022-10-01T00:00:00.000Z,0.9,23.5,7.1,3.7,10.6,6.212,651
2022-10-02T00:00:00.000Z,0,7.2,1,0.6,1.7,1.154,562
2022-10-03T00:00:00.000Z,0,4.5,1.1,0.7,1.4,0.568,575
2022-10-04T00:00:00.000Z,1.9,26.2,5.4,3.75,18.5,8.127,616
2022-10-05T00:00:00.000Z,5,22.3,16.1,14.2,17.7,2.366,643
2022-10-06T00:00:00.000Z,0,4.9,1.3,0.9,1.9,0.813,571
2022-10-07T00:00:00.000Z,0.7,4.8,3.1,1.8,3.7,1.039,613
2022-10-08T00:00:00.000Z,0,8.8,0.6,0.2,1.8,1.543,496
2022-10-09T00:00:00.000Z,0,7.5,1.95,0.6,3.35,1.599,600
2022-10-10T00:00:00.000Z,0.5,21.3,3.6,2.5,6.3,3.871,595
2022-10-11T00:00:00.000Z,0,21,2.2,0.8,2.7,1.923,603
2022-10-12T00:00:00.000Z,0.3,10.1,4.1,2,5.5,2.037,609
2022-10-13T00:00:00.000Z,3.9,35,9.1,6.9,28,10.658,607
2022-10-14T00:00:00.000Z,0.7,38.5,27.5,5.15,32.4,13.409,612
2022-10-15T00:00:00.000Z,5,32,19.9,14.6,25.4,6.945,629
2022-10-16T00:00:00.000Z,0.1,25.6,2.5,1.7,10.8,6.399,609
2022-10-17T00:00:00.000Z,1.1,25.3,4.9,2.7,11.4,6.72,634
2022-10-18T00:00:00.000Z,0.1,9.7,3.4,0.8,5.7,2.538,450
2022-10-21T00:00:00.000Z,10.4,47,31.9,26.2,38,9.257,603
2022-10-22T00:00:00.000Z,10.3,138.2,31.55,25,36.2,9.344,624
2022-10-23T00:00:00.000Z,3.5,30.4,10.5,6.1,16.1,7.12,649
2022-10-24T00:00:00.000Z,0.6,33.2,7.3,3.5,18.9,10.065,631
2022-10-25T00:00:00.000Z,1.7,10.3,4.4,2.9,6.1,1.911,619
2022-10-26T00:00:00.000Z,3.6,29.5,11.5,8.4,18.5,6.799,644
2022-10-27T00:00:00.000Z,5.1,22,13.9,9.1,17.8,4.716,629
2022-10-28T00:00:00.000Z,7.5,46.2,19.8,13.8,22.9,5.806,647
2022-10-29T00:00:00.000Z,0.1,28.7,2.1,1,5.7,5.665,610
2022-10-30T00:00:00.000Z,2.9,54.9,11.55,7.4,31,12.94,618
2022-10-31T00:00:00.000Z,2.1,39.4,18.45,10.19,23.5,8.676,662
2022-11-01T00:00:00.000Z,2.8,41,17,5.5,21.5,10.079,634
2022-11-02T00:00:00.000Z,0.2,11.8,3,2.6,3.4,1.331,608
2022-11-03T00:00:00.000Z,2.2,9.7,4.2,3.5,5.5,1.567,592
2022-11-04T00:00:00.000Z,1,32.7,10.4,3.25,21.05,10.134,637
2022-11-05T00:00:00.000Z,0,16.3,3,2.1,5.5,2.907,619
2022-11-06T00:00:00.000Z,5.3,23.1,14.1,9.4,18.2,4.927,626
2022-11-07T00:00:00.000Z,0.4,15.1,7.2,5.1,9.8,2.895,621
2022-11-08T00:00:00.000Z,2.7,20.9,8.2,4.5,14.2,5.061,633
2022-11-09T00:00:00.000Z,0.4,11.1,5.3,4.6,6.1,1.8,611
2022-11-10T00:00:00.000Z,0.2,8.6,3.6,2.4,4.8,1.91,615
2022-11-11T00:00:00.000Z,2,11.5,5,4,6.4,2.025,627
2022-11-12T00:00:00.000Z,4.8,33.4,9.6,8.6,17.89,7.358,655
2022-11-13T00:00:00.000Z,0.1,175.3,6.7,3.4,12.05,9.595,636
2022-11-14T00:00:00.000Z,0,34.8,12.75,10.2,17.39,8.714,634
2022-11-15T00:00:00.000Z,0,76.2,35.4,20.2,38.7,14.488,631
2022-11-16T00:00:00.000Z,0,11.8,1.3,0.3,2.1,1.584,518
2022-11-17T00:00:00.000Z,0,21.1,1.5,0.8,2.4,2.725,599
2022-11-18T00:00:00.000Z,0,62.4,1.8,0.3,5.09,8.849,591
2022-11-19T00:00:00.000Z,0.3,40.1,1.3,1,1.95,4.701,585
2022-11-20T00:00:00.000Z,1.4,118.6,9.1,4.2,24.7,17.01,662
2022-11-21T00:00:00.000Z,0.8,29.1,9.2,6.1,12.95,6.179,644
2022-11-22T00:00:00.000Z,8,44.6,17.4,14.3,28.7,8.362,663
2022-11-23T00:00:00.000Z,30.4,53.3,40.5,37.3,42.15,3.545,657
2022-11-24T00:00:00.000Z,23.5,58.6,33.1,31.1,36.79,4.009,644
2022-11-25T00:00:00.000Z,9.4,41.7,22.4,19,30.2,7.211,666
2022-11-26T00:00:00.000Z,6.4,27.8,13,11.3,15.6,3.887,639
2022-11-27T00:00:00.000Z,4.8,30.1,12.4,9.9,16.2,4.325,653
2022-11-28T00:00:00.000Z,3.8,23.2,12,8.19,15.3,4.65,643
2022-11-29T00:00:00.000Z,3.4,71.9,18.9,14.05,32.2,10.789,649
2022-11-30T00:00:00.000Z,9.8,95.2,20.5,15,25.3,8.338,662
2022-12-01T00:00:00.000Z,12.5,119.2,24.7,19.39,28.3,12.703,614
2022-12-02T00:00:00.000Z,5.8,71.6,9.5,8.25,12.7,6.579,653
2022-12-03T00:00:00.000Z,7.4,68.3,12.2,10.7,14.35,6.857,664
2022-12-04T00:00:00.000Z,7.4,81,13.8,11.2,17.39,10.157,655
2022-12-05T00:00:00.000Z,0,52.6,4.2,1.2,15.85,10.662,640
2022-12-06T00:00:00.000Z,0.8,44.1,4.4,2.9,22.25,13.109,624
2022-12-07T00:00:00.000Z,1.2,41.2,11.95,7.9,15.6,5.918,666
2022-12-08T00:00:00.000Z,0.5,19.6,7.2,3.2,12.1,5.107,648
2022-12-09T00:00:00.000Z,6.9,35.4,20.2,11.8,27.8,7.997,663
2022-12-10T00:00:00.000Z,15.1,52.6,28.1,22.75,35.45,7.681,677
2022-12-11T00:00:00.000Z,8.1,146.6,13.3,11,16.89,14.151,667
2022-12-12T00:00:00.000Z,1.5,59.1,7.4,5.7,9.5,5.637,627
2022-12-13T00:00:00.000Z,1.9,43.7,9.4,3,17.14,12.88,637
2022-12-14T00:00:00.000Z,11.1,41.2,26.7,21.8,32.6,6.378,663
2022-12-15T00:00:00.000Z,0.5,88.3,15.6,7.9,30.8,13.934,666
2022-12-16T00:00:00.000Z,2.8,50.2,15.65,12.4,23,9.193,672
2022-12-17T00:00:00.000Z,4.5,52.8,34.29,16.85,39,13.384,661
2022-12-18T00:00:00.000Z,16.8,39.7,23.4,21.4,25.7,3.373,651
2022-12-19T00:00:00.000Z,7,32.2,21.8,18,26.6,6.155,650
2022-12-20T00:00:00.000Z,16.1,38.2,28.3,24.3,33,5.279,659
2022-12-21T00:00:00.000Z,4.6,30.3,13,10.15,15.3,4.575,609
2022-12-22T00:00:00.000Z,3.1,42.7,21.8,11.15,30.55,10.987,652
2022-12-23T00:00:00.000Z,0.2,85.1,1.4,0.9,3.9,10.179,598
2022-12-24T00:00:00.000Z,0.3,59.6,6.8,2.8,9,6.392,619
2022-12-25T00:00:00.000Z,3.9,27,13.9,11.1,17.89,5.071,654
2022-12-26T00:00:00.000Z,0.4,35.1,10.65,3.2,13.7,6.069,616
2022-12-27T00:00:00.000Z,0,16.3,2,1,4.59,2.824,588
2022-12-28T00:00:00.000Z,1.2,34.2,6.5,4.4,13.8,8.662,621
2022-12-29T00:00:00.000Z,2.1,15.7,4.3,3.3,6.1,3.119,610
2022-12-30T00:00:00.000Z,1.6,13.3,3.8,2.6,5.4,2.625,628
2022-12-31T00:00:00.000Z,2.1,192,6.2,3.9,17.39,22.596,639
2023-01-01T00:00:00.000Z,1.9,66.8,6.6,4.5,9.94,12,641
2023-01-02T00:00:00.000Z,0.2,74,5.3,3.8,8.6,6.693,633
2023-01-03T00:00:00.000Z,0.3,19.7,1.9,1.3,9,4.617,605
2023-01-04T00:00:00.000Z,0.1,18.9,5,2.9,8.5,4.224,621
2023-01-05T00:00:00.000Z,0,31.2,1.6,0.3,5.09,5.455,538
2023-01-06T00:00:00.000Z,0,63.2,4.2,2.7,6.5,4.148,588
2023-01-07T00:00:00.000Z,2,34.5,11.1,5.8,20.35,9.122,629
2023-01-08T00:00:00.000Z,7.2,31.4,15.1,12.6,20.5,5.479,657
2023-01-09T00:00:00.000Z,2,28.4,15.6,10.5,19.7,6.118,659
2023-01-10T00:00:00.000Z,2.6,20.5,13.75,6.1,16.1,5.416,618
2023-01-11T00:00:00.000Z,0.6,15.5,4.2,3.2,5.5,2.525,603
2023-01-12T00:00:00.000Z,0.6,16.5,4.09,2.4,6.15,2.809,597
2023-01-13T00:00:00.000Z,0.3,5.9,3,2.2,4.09,1.24,605
2023-01-14T00:00:00.000Z,0,10,1.8,1.2,3.1,2.096,588
2023-01-15T00:00:00.000Z,0,4.2,1.7,1.1,2.1,0.722,606
2023-01-16T00:00:00.000Z,0.4,25.4,5.3,2.8,7.2,3.436,607
2023-01-17T00:00:00.000Z,0.2,31.9,9.1,1.7,17.6,9.044,615
2023-01-18T00:00:00.000Z,1.1,37.4,7.6,4.4,18.9,8.593,610
2023-01-19T00:00:00.000Z,12.6,32.5,20.7,17.2,24.1,4.359,662
2023-01-20T00:00:00.000Z,3.7,61.9,19.8,10.1,29.3,11.975,660
2023-01-21T00:00:00.000Z,6.3,66.9,11.8,9.8,15.2,7.763,675
2023-01-22T00:00:00.000Z,3.8,110.8,6.7,5.8,10.5,12.518,665
2023-01-23T00:00:00.000Z,2.2,174.3,7.7,5.05,11.05,11.073,648
2023-01-24T00:00:00.000Z,4.4,50.4,22.9,10.9,29.5,9.729,646
2023-01-25T00:00:00.000Z,8.3,42.2,32.4,27.2,36.2,7.773,662
2023-01-26T00:00:00.000Z,0,24.8,4.8,0.9,10.8,6.311,603
2023-01-27T00:00:00.000Z,0,77.5,7.7,0.8,17.3,11.883,592
2023-01-28T00:00:00.000Z,2.8,29.5,15.8,10.8,18.8,5.718,638
2023-01-29T00:00:00.000Z,1,12.6,2.7,2,4,2.253,633
2023-01-30T00:00:00.000Z,0.5,6.6,1.8,1.3,2.5,0.964,587
2023-01-31T00:00:00.000Z,0.3,6,1.7,1.1,2.3,1.045,615
2023-02-01T00:00:00.000Z,0,11.6,1.9,1.2,3.1,1.633,596
2023-02-02T00:00:00.000Z,0,31.8,0.75,0.1,10.6,7.716,526
2023-02-03T00:00:00.000Z,0,7.4,1.2,0.5,2.1,1.836,535
2023-02-04T00:00:00.000Z,0,137.9,4.09,1,9,11.98,641
2023-02-05T00:00:00.000Z,0.6,39.5,5.6,2.4,16.5,9.73,607
2023-02-06T00:00:00.000Z,4.8,37.8,15.9,9.8,24.3,8.302,663
2023-02-07T00:00:00.000Z,12.7,39.9,24.1,19.5,33.45,7.399,641
2023-02-08T00:00:00.000Z,10.5,49.3,38.5,25.15,43.25,10.866,645
2023-02-09T00:00:00.000Z,2.2,54.4,39.5,33.45,48.3,16.334,632
2023-02-10T00:00:00.000Z,1.6,17.6,3.5,2.7,6.3,2.651,620
2023-02-11T00:00:00.000Z,1.4,33.1,5.4,3.5,13,6.857,611
2023-02-12T00:00:00.000Z,0.1,17.1,3.2,1.8,4.5,3.129,598
2023-02-13T00:00:00.000Z,2.3,11.1,4,3.6,4.55,0.988,612
2023-02-14T00:00:00.000Z,4.5,33.1,15.5,7.85,24.8,8.855,637
2023-02-15T00:00:00.000Z,30.6,48.7,40.1,38,41.9,2.656,637
2023-02-16T00:00:00.000Z,38.8,71.6,53.9,46.85,59.3,7.428,621
2023-02-17T00:00:00.000Z,0.9,47.3,4.8,3.5,26.1,15.366,620
2023-02-18T00:00:00.000Z,0.5,9.5,2.1,1.4,2.7,0.926,587
2023-02-19T00:00:00.000Z,0,5.9,1.1,0.6,1.4,0.634,578
2023-02-20T00:00:00.000Z,0.1,12.9,5.2,3.6,6.3,2.367,595
2023-02-21T00:00:00.000Z,0.4,38.5,4.6,2.8,5.7,6.638,626
2023-02-22T00:00:00.000Z,0.5,9.9,2.3,1.6,3.45,1.433,608
2023-02-23T00:00:00.000Z,1.1,42.3,27.8,8.5,32,12.237,642
2023-02-24T00:00:00.000Z,0,52.3,1.8,1.1,3.1,4.013,609
2023-02-25T00:00:00.000Z,0,18.4,0.2,0.1,0.5,0.981,444
2023-02-26T00:00:00.000Z,0,13.8,0.6,0.1,2.1,1.982,498
2023-02-27T00:00:00.000Z,0.5,70.8,8.55,4.05,13.4,8.054,652
2023-02-28T00:00:00.000Z,1.6,45.2,15.9,6.2,30.35,12.429,641
2023-03-01T00:00:00.000Z,0.1,49.5,12.3,4.2,27.35,13.559,629
2023-03-02T00:00:00.000Z,0.3,81.1,10.1,3.1,19.35,10.83,629
2023-03-03T00:00:00.000Z,2.5,31.5,11,7.15,15.5,7.205,624
2023-03-04T00:00:00.000Z,0,24.1,1.5,0.3,3.2,3.854,459
2023-03-05T00:00:00.000Z,0,21.6,0.7,0.1,7.8,5.012,510
2023-03-06T00:00:00.000Z,0.1,43.4,5.6,2.7,7.3,5.185,606
2023-03-07T00:00:00.000Z,0,25.7,3.3,0.9,8.69,6.487,581
2023-03-08T00:00:00.000Z,0,48.8,4,0.1,6.5,5.495,450
2023-03-09T00:00:00.000Z,0.2,21,3.2,1.8,6.35,2.812,596
2023-03-10T00:00:00.000Z,2.5,56.3,10.2,6.2,16.39,7.973,640
2023-03-11T00:00:00.000Z,0,20.7,2.8,0.9,4.5,3.094,602
2023-03-12T00:00:00.000Z,0,9.6,0.5,0.1,3.6,2.632,560
2023-03-13T00:00:00.000Z,0,23.2,5.75,4.9,9.9,4.965,626
2023-03-14T00:00:00.000Z,0.1,7,1.5,1,4.6,1.933,606
2023-03-15T00:00:00.000Z,0,9.6,1.1,0.7,2.1,1.173,544
2023-03-16T00:00:00.000Z,0,49.6,1.4,0.8,4.4,7.866,590
2023-03-17T00:00:00.000Z,2.1,35.9,14.5,10.7,15.3,4.37,662
2023-03-18T00:00:00.000Z,3.2,41.5,23.7,16.8,28.3,8.577,651
2023-03-19T00:00:00.000Z,2.2,62.1,45.6,15.4,48.5,18.072,617
2023-03-20T00:00:00.000Z,1.9,53.2,6.1,3.5,12.4,12.044,638
2023-03-21T00:00:00.000Z,2.8,31.3,12.45,7.8,16.89,5.942,644
2023-03-22T00:00:00.000Z,2.7,44.3,27.4,11.1,33.9,11.754,643
2023-03-23T00:00:00.000Z,0.4,29.5,4.4,2.7,15.7,8.957,630
2023-03-24T00:00:00.000Z,1.9,18.6,5,3.8,10.35,4.634,609
2023-03-25T00:00:00.000Z,1.1,12.3,4.09,3,6,2.313,607
2023-03-26T00:00:00.000Z,0.1,7.2,1.1,0.7,2,1.407,616
2023-03-27T00:00:00.000Z,0,28,1.1,0.7,1.5,2.205,577
2023-03-28T00:00:00.000Z,0,18.9,0.9,0.6,3.1,2.186,579
2023-03-29T00:00:00.000Z,1.9,42,27,17.2,33.6,11.429,655
2023-03-30T00:00:00.000Z,4.7,48.8,17.9,8,31.6,13.219,619
2023-03-31T00:00:00.000Z,0.9,15.4,8.3,3.1,11.1,4.289,625
2023-04-01T00:00:00.000Z,0,48.2,1.4,0.9,5,4.792,595
2023-04-02T00:00:00.000Z,0,40,0.5,0.2,1,2.598,575
2023-04-03T00:00:00.000Z,0,22.4,1.2,0.4,2,1.345,589
2023-04-04T00:00:00.000Z,0.1,20.5,3,1.5,6.4,3.376,626
2023-04-05T00:00:00.000Z,0.5,35.6,2.2,1.4,4.7,4.336,608
2023-04-06T00:00:00.000Z,1.5,27,11.4,5.6,18.3,7.003,641
2023-04-07T00:00:00.000Z,3.5,47.5,6.9,4.9,8.6,4.345,626
2023-04-08T00:00:00.000Z,4.5,51.7,7.7,6.5,10.5,4.898,641
2023-04-09T00:00:00.000Z,1.9,11,6,4.7,6.9,1.641,622
2023-04-10T00:00:00.000Z,4,36.9,10.4,8.19,12.7,3.65,609
2023-04-11T00:00:00.000Z,1.2,26.4,5.05,2.9,20,8.673,624
2023-04-12T00:00:00.000Z,0.1,24.2,3.7,2.7,6.45,3.644,621
2023-04-13T00:00:00.000Z,0.5,35.3,6.8,3.1,14.3,5.996,634
2023-04-14T00:00:00.000Z,7.5,77.1,25.7,19.89,33.5,9.504,659
2023-04-15T00:00:00.000Z,20.6,51.6,32.6,26.5,36.1,5.789,643
2023-04-16T00:00:00.000Z,13,127.9,20.39,18.55,21.9,7.073,645
2023-04-17T00:00:00.000Z,7.3,76.8,17.7,11.8,22.2,9.051,638
2023-04-18T00:00:00.000Z,1.5,144.1,7.3,4.5,12.2,9.867,640
2023-04-19T00:00:00.000Z,0.9,41.1,2.15,1.7,2.7,3.722,582
2023-04-20T00:00:00.000Z,2,17.8,12.2,4.84,14.1,4.899,608
2023-04-21T00:00:00.000Z,2.5,95.2,9.9,6.05,12.5,7.543,629
2023-04-22T00:00:00.000Z,2.4,108.4,10,6.1,13.8,6.859,630
2023-04-23T00:00:00.000Z,2.8,39.5,19.35,12.9,23.2,7.398,658
2023-04-24T00:00:00.000Z,4,47.2,17.6,9.6,29.7,10.311,668
2023-04-25T00:00:00.000Z,1.7,8.2,4,3.2,5.1,1.145,600
2023-04-26T00:00:00.000Z,0.4,3.3,1.7,1.1,2.2,0.673,596
2023-04-27T00:00:00.000Z,0.2,3.6,1.5,1.1,2.6,0.838,332
